0 1 763
1 0 763
1 2 224
2 1 224
2 3 746
3 2 746
3 4 789
4 3 789
4 5 555
5 4 555
5 6 687
6 5 687
6 7 47
7 6 47
7 8 226
8 7 226
8 9 943
9 8 943
9 10 877
10 9 877
10 11 462
11 10 462
11 12 59
12 11 59
12 13 738
13 12 738
13 14 159
14 13 159
14 15 173
15 14 173
15 16 36
16 15 36
16 17 842
17 16 842
17 18 387
18 17 387
18 19 554
19 18 554
19 20 510
20 19 510
20 21 192
21 20 192
21 22 568
22 21 568
22 23 415
23 22 415
23 24 693
24 23 693
24 25 526
25 24 526
25 26 897
26 25 897
26 27 534
27 26 534
27 28 661
28 27 661
28 29 221
29 28 221
29 30 267
30 29 267
30 31 987
31 30 987
31 32 983
32 31 983
32 33 491
33 32 491
33 34 85
34 33 85
34 35 123
35 34 123
35 36 45
36 35 45
36 37 771
37 36 771
37 38 169
38 37 169
38 39 622
39 38 622
39 40 66
40 39 66
40 41 397
41 40 397
41 42 436
42 41 436
42 43 124
43 42 124
43 44 134
44 43 134
44 45 594
45 44 594
45 46 648
46 45 648
46 47 521
47 46 521
47 48 787
48 47 787
48 49 34
49 48 34
49 50 74
50 49 74
50 51 297
51 50 297
51 52 577
52 51 577
52 53 994
53 52 994
53 54 711
54 53 711
54 55 269
55 54 269
55 56 519
56 55 519
56 57 959
57 56 959
57 58 154
58 57 154
58 59 179
59 58 179
59 60 179
60 59 179
60 61 421
61 60 421
61 62 517
62 61 517
62 63 513
63 62 513
63 64 263
64 63 263
64 65 953
65 64 953
65 66 635
66 65 635
66 67 659
67 66 659
67 68 76
68 67 76
68 69 155
69 68 155
69 70 280
70 69 280
70 71 141
71 70 141
71 72 552
72 71 552
72 73 67
73 72 67
73 74 616
74 73 616
74 75 37
75 74 37
75 76 661
76 75 661
76 77 263
77 76 263
77 78 558
78 77 558
78 79 799
79 78 799
79 80 648
80 79 648
80 81 631
81 80 631
81 82 95
82 81 95
82 83 224
83 82 224
83 84 624
84 83 624
84 85 157
85 84 157
85 86 844
86 85 844
86 87 494
87 86 494
87 88 115
88 87 115
88 89 997
89 88 997
89 90 24
90 89 24
90 91 645
91 90 645
91 92 769
92 91 769
92 93 541
93 92 541
93 94 157
94 93 157
94 95 31
95 94 31
95 96 493
96 95 493
96 97 143
97 96 143
97 98 689
98 97 689
98 99 568
99 98 568
99 100 298
100 99 298
100 101 321
101 100 321
101 102 708
102 101 708
102 103 849
103 102 849
103 104 387
104 103 387
104 105 675
105 104 675
105 106 237
106 105 237
106 107 399
107 106 399
107 108 937
108 107 937
108 109 794
109 108 794
109 110 198
110 109 198
110 111 936
111 110 936
111 112 777
112 111 777
112 113 292
113 112 292
113 114 159
114 113 159
114 115 752
115 114 752
115 116 801
116 115 801
116 117 354
117 116 354
117 118 246
118 117 246
118 119 267
119 118 267
119 120 351
120 119 351
120 121 269
121 120 269
121 122 912
122 121 912
122 123 119
123 122 119
123 124 161
124 123 161
124 125 420
125 124 420
125 126 502
126 125 502
126 127 6
127 126 6
127 128 563
128 127 563
128 129 190
129 128 190
129 130 573
130 129 573
130 131 860
131 130 860
131 132 862
132 131 862
132 133 633
133 132 633
133 134 60
134 133 60
134 135 249
135 134 249
135 136 659
136 135 659
136 137 296
137 136 296
137 138 999
138 137 999
138 139 596
139 138 596
139 140 442
140 139 442
140 141 196
141 140 196
141 142 531
142 141 531
142 143 218
143 142 218
143 144 840
144 143 840
144 145 42
145 144 42
145 146 969
146 145 969
146 147 640
147 146 640
147 148 395
148 147 395
148 149 566
149 148 566
149 150 906
150 149 906
150 151 97
151 150 97
151 152 835
152 151 835
152 153 169
153 152 169
153 154 568
154 153 568
154 155 347
155 154 347
155 156 589
156 155 589
156 157 69
157 156 69
157 158 352
158 157 352
158 159 503
159 158 503
159 160 258
160 159 258
160 161 277
161 160 277
161 162 714
162 161 714
162 163 120
163 162 120
163 164 261
164 163 261
164 165 125
165 164 125
165 166 720
166 165 720
166 167 919
167 166 919
167 168 772
168 167 772
168 169 718
169 168 718
169 170 866
170 169 866
170 171 213
171 170 213
171 172 914
172 171 914
172 173 397
173 172 397
173 174 782
174 173 782
174 175 105
175 174 105
175 176 790
176 175 790
176 177 103
177 176 103
177 178 744
178 177 744
178 179 184
179 178 184
179 180 668
180 179 668
180 181 1
181 180 1
181 182 633
182 181 633
182 183 854
183 182 854
183 184 170
184 183 170
184 185 200
185 184 200
185 186 553
186 185 553
186 187 110
187 186 110
187 188 268
188 187 268
188 189 904
189 188 904
189 190 964
190 189 964
190 191 877
191 190 877
191 192 532
192 191 532
192 193 677
193 192 677
193 194 996
194 193 996
194 195 792
195 194 792
195 196 801
196 195 801
196 197 67
197 196 67
197 198 711
198 197 711
198 199 924
199 198 924
199 200 785
200 199 785
200 201 576
201 200 576
201 202 137
202 201 137
202 203 50
203 202 50
203 204 324
204 203 324
204 205 270
205 204 270
205 206 154
206 205 154
206 207 465
207 206 465
207 208 372
208 207 372
208 209 249
209 208 249
209 210 649
210 209 649
210 211 392
211 210 392
211 212 249
212 211 249
212 213 633
213 212 633
213 214 245
214 213 245
214 215 770
215 214 770
215 216 832
216 215 832
216 217 149
217 216 149
217 218 231
218 217 231
218 219 451
219 218 451
219 220 53
220 219 53
220 221 194
221 220 194
221 222 327
222 221 327
222 223 584
223 222 584
223 224 870
224 223 870
224 225 675
225 224 675
225 226 728
226 225 728
226 227 22
227 226 22
227 228 741
228 227 741
228 229 790
229 228 790
229 230 946
230 229 946
230 231 877
231 230 877
231 232 717
232 231 717
232 233 434
233 232 434
233 234 278
234 233 278
234 235 41
235 234 41
235 236 703
236 235 703
236 237 783
237 236 783
237 238 505
238 237 505
238 239 427
239 238 427
239 240 31
240 239 31
240 241 505
241 240 505
241 242 818
242 241 818
242 243 632
243 242 632
243 244 489
244 243 489
244 245 414
245 244 414
245 246 401
246 245 401
246 247 320
247 246 320
247 248 563
248 247 563
248 249 632
249 248 632
249 250 122
250 249 122
250 251 615
251 250 615
251 252 177
252 251 177
252 253 449
253 252 449
253 254 550
254 253 550
254 255 399
255 254 399
255 256 475
256 255 475
256 257 277
257 256 277
257 258 772
258 257 772
258 259 215
259 258 215
259 260 66
260 259 66
260 261 717
261 260 717
261 262 444
262 261 444
262 263 783
263 262 783
263 264 502
264 263 502
264 265 721
265 264 721
265 266 175
266 265 175
266 267 557
267 266 557
267 268 856
268 267 856
268 269 31
269 268 31
269 270 983
270 269 983
270 271 886
271 270 886
271 272 888
272 271 888
272 273 800
273 272 800
273 274 869
274 273 869
274 275 376
275 274 376
275 276 213
276 275 213
276 277 622
277 276 622
277 278 48
278 277 48
278 279 127
279 278 127
279 280 605
280 279 605
280 281 169
281 280 169
281 282 93
282 281 93
282 283 781
283 282 781
283 284 969
284 283 969
284 285 643
285 284 643
285 286 179
286 285 179
286 287 443
287 286 443
287 288 271
288 287 271
288 289 951
289 288 951
289 290 10
290 289 10
290 291 689
291 290 689
291 292 19
292 291 19
292 293 453
293 292 453
293 294 823
294 293 823
294 295 521
295 294 521
295 296 525
296 295 525
296 297 349
297 296 349
297 298 429
298 297 429
298 299 380
299 298 380
299 300 379
300 299 379
300 301 411
301 300 411
301 302 618
302 301 618
302 303 618
303 302 618
303 304 562
304 303 562
304 305 486
305 304 486
305 306 346
306 305 346
306 307 126
307 306 126
307 308 107
308 307 107
308 309 745
309 308 745
309 310 253
310 309 253
310 311 711
311 310 711
311 312 265
312 311 265
312 313 345
313 312 345
313 314 844
314 313 844
314 315 234
315 314 234
315 316 339
316 315 339
316 317 22
317 316 22
317 318 28
318 317 28
318 319 610
319 318 610
319 320 972
320 319 972
320 321 37
321 320 37
321 322 298
322 321 298
322 323 343
323 322 343
323 324 841
324 323 841
324 325 472
325 324 472
325 326 215
326 325 215
326 327 718
327 326 718
327 328 820
328 327 820
328 329 643
329 328 643
329 330 449
330 329 449
330 331 198
331 330 198
331 332 405
332 331 405
332 333 418
333 332 418
333 334 168
334 333 168
334 335 966
335 334 966
335 336 256
336 335 256
336 337 513
337 336 513
337 338 91
338 337 91
338 339 714
339 338 714
339 340 609
340 339 609
340 341 695
341 340 695
341 342 777
342 341 777
342 343 873
343 342 873
343 344 40
344 343 40
344 345 620
345 344 620
345 346 458
346 345 458
346 347 730
347 346 730
347 348 641
348 347 641
348 349 486
349 348 486
349 350 339
350 349 339
350 351 965
351 350 965
351 352 522
352 351 522
352 353 988
353 352 988
353 354 659
354 353 659
354 355 715
355 354 715
355 356 459
356 355 459
356 357 873
357 356 873
357 358 432
358 357 432
358 359 278
359 358 278
359 360 867
360 359 867
360 361 232
361 360 232
361 362 828
362 361 828
362 363 271
363 362 271
363 364 650
364 363 650
364 365 995
365 364 995
365 366 588
366 365 588
366 367 905
367 366 905
367 368 859
368 367 859
368 369 30
369 368 30
369 370 618
370 369 618
370 371 819
371 370 819
371 372 725
372 371 725
372 373 394
373 372 394
373 374 691
374 373 691
374 375 116
375 374 116
375 376 13
376 375 13
376 377 149
377 376 149
377 378 845
378 377 845
378 379 6
379 378 6
379 380 634
380 379 634
380 381 536
381 380 536
381 382 322
382 381 322
382 383 507
383 382 507
383 384 523
384 383 523
384 385 980
385 384 980
385 386 573
386 385 573
386 387 982
387 386 982
387 388 204
388 387 204
388 389 4
389 388 4
389 390 611
390 389 611
390 391 70
391 390 70
391 392 588
392 391 588
392 393 438
393 392 438
393 394 340
394 393 340
394 395 237
395 394 237
395 396 784
396 395 784
396 397 927
397 396 927
397 398 493
398 397 493
398 399 994
399 398 994
399 400 956
400 399 956
400 401 462
401 400 462
401 402 812
402 401 812
402 403 32
403 402 32
403 404 856
404 403 856
404 405 855
405 404 855
405 406 147
406 405 147
406 407 220
407 406 220
407 408 3
408 407 3
408 409 344
409 408 344
409 410 577
410 409 577
410 411 988
411 410 988
411 412 879
412 411 879
412 413 250
413 412 250
413 414 846
414 413 846
414 415 401
415 414 401
415 416 229
416 415 229
416 417 419
417 416 419
417 418 734
418 417 734
418 419 784
419 418 784
419 420 774
420 419 774
420 421 697
421 420 697
421 422 853
422 421 853
422 423 361
423 422 361
423 424 486
424 423 486
424 425 544
425 424 544
425 426 949
426 425 949
426 427 622
427 426 622
427 428 822
428 427 822
428 429 441
429 428 441
429 430 615
430 429 615
430 431 130
431 430 130
431 432 903
432 431 903
432 433 779
433 432 779
433 434 161
434 433 161
434 435 110
435 434 110
435 436 985
436 435 985
436 437 660
437 436 660
437 438 329
438 437 329
438 439 339
439 438 339
439 440 3
440 439 3
440 441 258
441 440 258
441 442 326
442 441 326
442 443 881
443 442 881
443 444 507
444 443 507
444 445 523
445 444 523
445 446 633
446 445 633
446 447 88
447 446 88
447 448 941
448 447 941
448 449 367
449 448 367
449 450 871
450 449 871
450 451 715
451 450 715
451 452 63
452 451 63
452 453 76
453 452 76
453 454 75
454 453 75
454 455 548
455 454 548
455 456 619
456 455 619
456 457 24
457 456 24
457 458 169
458 457 169
458 459 441
459 458 441
459 460 816
460 459 816
460 461 136
461 460 136
461 462 570
462 461 570
462 463 718
463 462 718
463 464 266
464 463 266
464 465 82
465 464 82
465 466 179
466 465 179
466 467 250
467 466 250
467 468 741
468 467 741
468 469 508
469 468 508
469 470 588
470 469 588
470 471 743
471 470 743
471 472 117
472 471 117
472 473 265
473 472 265
473 474 623
474 473 623
474 475 623
475 474 623
475 476 787
476 475 787
476 477 256
477 476 256
477 478 710
478 477 710
478 479 80
479 478 80
479 480 974
480 479 974
480 481 933
481 480 933
481 482 794
482 481 794
482 483 388
483 482 388
483 484 8
484 483 8
484 485 220
485 484 220
485 486 287
486 485 287
486 487 978
487 486 978
487 488 595
488 487 595
488 489 808
489 488 808
489 490 770
490 489 770
490 491 411
491 490 411
491 492 943
492 491 943
492 493 691
493 492 691
493 494 480
494 493 480
494 495 560
495 494 560
495 496 773
496 495 773
496 497 659
497 496 659
497 498 161
498 497 161
498 499 513
499 498 513
499 500 518
500 499 518
500 501 100
501 500 100
501 502 256
502 501 256
502 503 634
503 502 634
503 504 716
504 503 716
504 505 230
505 504 230
505 506 608
506 505 608
506 507 502
507 506 502
507 508 837
508 507 837
508 509 318
509 508 318
509 510 933
510 509 933
510 511 162
511 510 162
511 512 602
512 511 602
512 513 726
513 512 726
513 514 549
514 513 549
514 515 961
515 514 961
515 516 946
516 515 946
516 517 836
517 516 836
517 518 938
518 517 938
518 519 892
519 518 892
519 520 643
520 519 643
520 521 708
521 520 708
521 522 302
522 521 302
522 523 937
523 522 937
523 524 398
524 523 398
524 525 782
525 524 782
525 526 848
526 525 848
526 527 170
527 526 170
527 528 792
528 527 792
528 529 8
529 528 8
529 530 35
530 529 35
530 531 309
531 530 309
531 532 107
532 531 107
532 533 642
533 532 642
533 534 942
534 533 942
534 535 822
535 534 822
535 536 223
536 535 223
536 537 549
537 536 549
537 538 675
538 537 675
538 539 60
539 538 60
539 540 218
540 539 218
540 541 608
541 540 608
541 542 221
542 541 221
542 543 171
543 542 171
543 544 685
544 543 685
544 545 122
545 544 122
545 546 131
546 545 131
546 547 982
547 546 982
547 548 957
548 547 957
548 549 69
549 548 69
549 550 874
550 549 874
550 551 951
551 550 951
551 552 128
552 551 128
552 553 175
553 552 175
553 554 887
554 553 887
554 555 525
555 554 525
555 556 308
556 555 308
556 557 734
557 556 734
557 558 47
558 557 47
558 559 99
559 558 99
559 560 93
560 559 93
560 561 433
561 560 433
561 562 407
562 561 407
562 563 199
563 562 199
563 564 74
564 563 74
564 565 700
565 564 700
565 566 372
566 565 372
566 567 296
567 566 296
567 568 249
568 567 249
568 569 398
569 568 398
569 570 707
570 569 707
570 571 818
571 570 818
571 572 5
572 571 5
572 573 280
573 572 280
573 574 989
574 573 989
574 575 690
575 574 690
575 576 401
576 575 401
576 577 471
577 576 471
577 578 23
578 577 23
578 579 709
579 578 709
579 580 539
580 579 539
580 581 896
581 580 896
581 582 659
582 581 659
582 583 666
583 582 666
583 584 71
584 583 71
584 585 897
585 584 897
585 586 543
586 585 543
586 587 378
587 586 378
587 588 982
588 587 982
588 589 941
589 588 941
589 590 829
590 589 829
590 591 74
591 590 74
591 592 373
592 591 373
592 593 235
593 592 235
593 594 624
594 593 624
594 595 446
595 594 446
595 596 935
596 595 935
596 597 347
597 596 347
597 598 93
598 597 93
598 599 535
599 598 535
599 600 744
600 599 744
600 601 152
601 600 152
601 602 704
602 601 704
602 603 101
603 602 101
603 604 431
604 603 431
604 605 44
605 604 44
605 606 142
606 605 142
606 607 831
607 606 831
607 608 515
608 607 515
608 609 164
609 608 164
609 610 891
610 609 891
610 611 53
611 610 53
611 612 60
612 611 60
612 613 549
613 612 549
613 614 71
614 613 71
614 615 130
615 614 130
615 616 797
616 615 797
616 617 965
617 616 965
617 618 859
618 617 859
618 619 778
619 618 778
619 620 905
620 619 905
620 621 687
621 620 687
621 622 203
622 621 203
622 623 629
623 622 629
623 624 274
624 623 274
624 625 178
625 624 178
625 626 426
626 625 426
626 627 560
627 626 560
627 628 524
628 627 524
628 629 518
629 628 518
629 630 446
630 629 446
630 631 267
631 630 267
631 632 669
632 631 669
632 633 149
633 632 149
633 634 719
634 633 719
634 635 451
635 634 451
635 636 193
636 635 193
636 637 860
637 636 860
637 638 633
638 637 633
638 639 707
639 638 707
639 640 24
640 639 24
640 641 523
641 640 523
641 642 111
642 641 111
642 643 83
643 642 83
643 644 71
644 643 71
644 645 181
645 644 181
645 646 564
646 645 564
646 647 867
647 646 867
647 648 497
648 647 497
648 649 774
649 648 774
649 650 996
650 649 996
650 651 401
651 650 401
651 652 813
652 651 813
652 653 550
653 652 550
653 654 381
654 653 381
654 655 86
655 654 86
655 656 727
656 655 727
656 657 806
657 656 806
657 658 997
658 657 997
658 659 250
659 658 250
659 660 324
660 659 324
660 661 442
661 660 442
661 662 869
662 661 869
662 663 344
663 662 344
663 664 590
664 663 590
664 665 587
665 664 587
665 666 147
666 665 147
666 667 782
667 666 782
667 668 799
668 667 799
668 669 779
669 668 779
669 670 840
670 669 840
670 671 822
671 670 822
671 672 302
672 671 302
672 673 951
673 672 951
673 674 256
674 673 256
674 675 724
675 674 724
675 676 483
676 675 483
676 677 171
677 676 171
677 678 943
678 677 943
678 679 980
679 678 980
679 680 296
680 679 296
680 681 938
681 680 938
681 682 732
682 681 732
682 683 108
683 682 108
683 684 840
684 683 840
684 685 113
685 684 113
685 686 545
686 685 545
686 687 566
687 686 566
687 688 918
688 687 918
688 689 893
689 688 893
689 690 168
690 689 168
690 691 593
691 690 593
691 692 334
692 691 334
692 693 388
693 692 388
693 694 289
694 693 289
694 695 276
695 694 276
695 696 974
696 695 974
696 697 435
697 696 435
697 698 57
698 697 57
698 699 124
699 698 124
699 700 213
700 699 213
700 701 249
701 700 249
701 702 945
702 701 945
702 703 866
703 702 866
703 704 199
704 703 199
704 705 552
705 704 552
705 706 590
706 705 590
706 707 33
707 706 33
707 708 74
708 707 74
708 709 532
709 708 532
709 710 12
710 709 12
710 711 370
711 710 370
711 712 821
712 711 821
712 713 744
713 712 744
713 714 829
714 713 829
714 715 660
715 714 660
715 716 208
716 715 208
716 717 726
717 716 726
717 718 578
718 717 578
718 719 125
719 718 125
719 720 618
720 719 618
720 721 745
721 720 745
721 722 70
722 721 70
722 723 304
723 722 304
723 724 132
724 723 132
724 725 358
725 724 358
725 726 579
726 725 579
726 727 457
727 726 457
727 728 792
728 727 792
728 729 987
729 728 987
729 730 581
730 729 581
730 731 356
731 730 356
731 732 235
732 731 235
732 733 877
733 732 877
733 734 222
734 733 222
734 735 785
735 734 785
735 736 781
736 735 781
736 737 811
737 736 811
737 738 818
738 737 818
738 739 206
739 738 206
739 740 694
740 739 694
740 741 181
741 740 181
741 742 575
742 741 575
742 743 866
743 742 866
743 744 276
744 743 276
744 745 756
745 744 756
745 746 878
746 745 878
746 747 483
747 746 483
747 748 833
748 747 833
748 749 455
749 748 455
749 750 960
750 749 960
750 751 802
751 750 802
751 752 199
752 751 199
752 753 29
753 752 29
753 754 105
754 753 105
754 755 682
755 754 682
755 756 386
756 755 386
756 757 683
757 756 683
757 758 490
758 757 490
758 759 529
759 758 529
759 760 670
760 759 670
760 761 70
761 760 70
761 762 884
762 761 884
762 763 904
763 762 904
763 764 299
764 763 299
764 765 457
765 764 457
765 766 41
766 765 41
766 767 79
767 766 79
767 768 619
768 767 619
768 769 858
769 768 858
769 770 284
770 769 284
770 771 664
771 770 664
771 772 390
772 771 390
772 773 211
773 772 211
773 774 530
774 773 530
774 775 666
775 774 666
775 776 318
776 775 318
776 777 407
777 776 407
777 778 148
778 777 148
778 779 502
779 778 502
779 780 861
780 779 861
780 781 107
781 780 107
781 782 303
782 781 303
782 783 411
783 782 411
783 784 487
784 783 487
784 785 408
785 784 408
785 786 444
786 785 444
786 787 224
787 786 224
787 788 90
788 787 90
788 789 933
789 788 933
789 790 752
790 789 752
790 791 111
791 790 111
791 792 3
792 791 3
792 793 988
793 792 988
793 794 367
794 793 367
794 795 653
795 794 653
795 796 796
796 795 796
796 797 407
797 796 407
797 798 83
798 797 83
798 799 415
799 798 415
799 800 616
800 799 616
800 801 718
801 800 718
801 802 78
802 801 78
802 803 5
803 802 5
803 804 928
804 803 928
804 805 959
805 804 959
805 806 670
806 805 670
806 807 597
807 806 597
807 808 365
808 807 365
808 809 170
809 808 170
809 810 98
810 809 98
810 811 577
811 810 577
811 812 628
812 811 628
812 813 401
813 812 401
813 814 987
814 813 987
814 815 115
815 814 115
815 816 160
816 815 160
816 817 430
817 816 430
817 818 338
818 817 338
818 819 601
819 818 601
819 820 715
820 819 715
820 821 442
821 820 442
821 822 712
822 821 712
822 823 717
823 822 717
823 824 429
824 823 429
824 825 430
825 824 430
825 826 721
826 825 721
826 827 224
827 826 224
827 828 188
828 827 188
828 829 803
829 828 803
829 830 990
830 829 990
830 831 803
831 830 803
831 832 520
832 831 520
832 833 68
833 832 68
833 834 159
834 833 159
834 835 800
835 834 800
835 836 378
836 835 378
836 837 181
837 836 181
837 838 748
838 837 748
838 839 743
839 838 743
839 840 350
840 839 350
840 841 846
841 840 846
841 842 319
842 841 319
842 843 977
843 842 977
843 844 598
844 843 598
844 845 658
845 844 658
845 846 443
846 845 443
846 847 109
847 846 109
847 848 439
848 847 439
848 849 781
849 848 781
849 850 709
850 849 709
850 851 153
851 850 153
851 852 222
852 851 222
852 853 772
853 852 772
853 854 221
854 853 221
854 855 2
855 854 2
855 856 201
856 855 201
856 857 941
857 856 941
857 858 577
858 857 577
858 859 388
859 858 388
859 860 95
860 859 95
860 861 567
861 860 567
861 862 542
862 861 542
862 863 615
863 862 615
863 864 986
864 863 986
864 865 701
865 864 701
865 866 766
866 865 766
866 867 363
867 866 363
867 868 881
868 867 881
868 869 513
869 868 513
869 870 105
870 869 105
870 871 582
871 870 582
871 872 710
872 871 710
872 873 776
873 872 776
873 874 910
874 873 910
874 875 307
875 874 307
875 876 785
876 875 785
876 877 353
877 876 353
877 878 767
878 877 767
878 879 575
879 878 575
879 880 485
880 879 485
880 881 476
881 880 476
881 882 728
882 881 728
882 883 58
883 882 58
883 884 599
884 883 599
884 885 300
885 884 300
885 886 59
886 885 59
886 887 152
887 886 152
887 888 593
888 887 593
888 889 635
889 888 635
889 890 539
890 889 539
890 891 687
891 890 687
891 892 553
892 891 553
892 893 433
893 892 433
893 894 653
894 893 653
894 895 538
895 894 538
895 896 485
896 895 485
896 897 770
897 896 770
897 898 901
898 897 901
898 899 717
899 898 717
