0 1 685
1 0 685
1 2 496
2 1 496
2 3 73
3 2 73
3 4 734
4 3 734
4 5 699
5 4 699
5 6 242
6 5 242
6 7 212
7 6 212
7 8 19
8 7 19
8 9 86
9 8 86
9 10 517
10 9 517
10 11 495
11 10 495
11 12 393
12 11 393
12 13 480
13 12 480
13 14 232
14 13 232
14 15 741
15 14 741
15 16 257
16 15 257
16 17 581
17 16 581
17 18 520
18 17 520
18 19 175
19 18 175
19 20 979
20 19 979
20 21 30
21 20 30
21 22 551
22 21 551
22 23 386
23 22 386
23 24 170
24 23 170
24 25 830
25 24 830
25 26 433
26 25 433
26 27 726
27 26 726
27 28 629
28 27 629
28 29 875
29 28 875
29 30 979
30 29 979
30 31 370
31 30 370
31 32 559
32 31 559
32 33 826
33 32 826
33 34 442
34 33 442
34 35 644
35 34 644
35 36 524
36 35 524
36 37 35
37 36 35
37 38 207
38 37 207
38 39 894
39 38 894
39 40 121
40 39 121
40 41 723
41 40 723
41 42 388
42 41 388
42 43 865
43 42 865
43 44 202
44 43 202
44 45 620
45 44 620
45 46 605
46 45 605
46 47 810
47 46 810
47 48 552
48 47 552
48 49 125
49 48 125
49 50 336
50 49 336
50 51 530
51 50 530
51 52 506
52 51 506
52 53 886
53 52 886
53 54 915
54 53 915
54 55 675
55 54 675
55 56 716
56 55 716
56 57 347
57 56 347
57 58 752
58 57 752
58 59 344
59 58 344
59 60 221
60 59 221
60 61 731
61 60 731
61 62 65
62 61 65
62 63 131
63 62 131
63 64 556
64 63 556
64 65 507
65 64 507
65 66 126
66 65 126
66 67 432
67 66 432
67 68 541
68 67 541
68 69 332
69 68 332
69 70 325
70 69 325
70 71 13
71 70 13
71 72 407
72 71 407
72 73 713
73 72 713
73 74 878
74 73 878
74 75 960
75 74 960
75 76 684
76 75 684
76 77 834
77 76 834
77 78 770
78 77 770
78 79 235
79 78 235
79 80 310
80 79 310
80 81 105
81 80 105
81 82 764
82 81 764
82 83 815
83 82 815
83 84 343
84 83 343
84 85 30
85 84 30
85 86 842
86 85 842
86 87 58
87 86 58
87 88 376
88 87 376
88 89 593
89 88 593
89 90 753
90 89 753
90 91 948
91 90 948
91 92 675
92 91 675
92 93 817
93 92 817
93 94 430
94 93 430
94 95 231
95 94 231
95 96 675
96 95 675
96 97 907
97 96 907
97 98 662
98 97 662
98 99 568
99 98 568
99 100 238
100 99 238
100 101 986
101 100 986
101 102 932
102 101 932
102 103 644
103 102 644
103 104 50
104 103 50
104 105 161
105 104 161
105 106 604
106 105 604
106 107 733
107 106 733
107 108 995
108 107 995
108 109 725
109 108 725
109 110 319
110 109 319
110 111 304
111 110 304
111 112 181
112 111 181
112 113 434
113 112 434
113 114 471
114 113 471
114 115 523
115 114 523
115 116 463
116 115 463
116 117 312
117 116 312
117 118 932
118 117 932
118 119 190
119 118 190
119 120 904
120 119 904
120 121 36
121 120 36
121 122 489
122 121 489
122 123 579
123 122 579
123 124 205
124 123 205
124 125 918
125 124 918
125 126 161
126 125 161
126 127 879
127 126 879
127 128 176
128 127 176
128 129 174
129 128 174
129 130 798
130 129 798
130 131 414
131 130 414
131 132 511
132 131 511
132 133 730
133 132 730
133 134 409
134 133 409
134 135 561
135 134 561
135 136 242
136 135 242
136 137 364
137 136 364
137 138 645
138 137 645
138 139 236
139 138 236
139 140 88
140 139 88
140 141 964
141 140 964
141 142 540
142 141 540
142 143 269
143 142 269
143 144 397
144 143 397
144 145 362
145 144 362
145 146 143
146 145 143
146 147 212
147 146 212
147 148 673
148 147 673
148 149 75
149 148 75
149 150 401
150 149 401
150 151 928
151 150 928
151 152 110
152 151 110
152 153 890
153 152 890
153 154 858
154 153 858
154 155 314
155 154 314
155 156 159
156 155 159
156 157 18
157 156 18
157 158 545
158 157 545
158 159 335
159 158 335
159 160 191
160 159 191
160 161 694
161 160 694
161 162 100
162 161 100
162 163 54
163 162 54
163 164 423
164 163 423
164 165 508
165 164 508
165 166 614
166 165 614
166 167 17
167 166 17
167 168 872
168 167 872
168 169 610
169 168 610
169 170 252
170 169 252
170 171 311
171 170 311
171 172 573
172 171 573
172 173 143
173 172 143
173 174 579
174 173 579
174 175 322
175 174 322
175 176 504
176 175 504
176 177 722
177 176 722
177 178 533
178 177 533
178 179 176
179 178 176
179 180 148
180 179 148
180 181 285
181 180 285
181 182 456
182 181 456
182 183 257
183 182 257
183 184 526
184 183 526
184 185 313
185 184 313
185 186 923
186 185 923
186 187 685
187 186 685
187 188 331
188 187 331
188 189 819
189 188 819
189 190 371
190 189 371
190 191 873
191 190 873
191 192 512
192 191 512
192 193 470
193 192 470
193 194 926
194 193 926
194 195 287
195 194 287
195 196 329
196 195 329
196 197 891
197 196 891
197 198 303
198 197 303
198 199 552
199 198 552
199 200 501
200 199 501
200 201 554
201 200 554
201 202 863
202 201 863
202 203 425
203 202 425
203 204 49
204 203 49
204 205 441
205 204 441
205 206 746
206 205 746
206 207 904
207 206 904
207 208 514
208 207 514
208 209 630
209 208 630
209 210 432
210 209 432
210 211 13
211 210 13
211 212 915
212 211 915
212 213 887
213 212 887
213 214 622
214 213 622
214 215 440
215 214 440
215 216 199
216 215 199
216 217 544
217 216 544
217 218 476
218 217 476
218 219 881
219 218 881
219 220 362
220 219 362
220 221 846
221 220 846
221 222 106
222 221 106
222 223 873
223 222 873
223 224 667
224 223 667
224 225 383
225 224 383
225 226 511
226 225 511
226 227 348
227 226 348
227 228 274
228 227 274
228 229 813
229 228 813
229 230 899
230 229 899
230 231 126
231 230 126
231 232 719
232 231 719
232 233 761
233 232 761
233 234 550
234 233 550
234 235 767
235 234 767
235 236 554
236 235 554
236 237 648
237 236 648
237 238 670
238 237 670
238 239 419
239 238 419
239 240 277
240 239 277
240 241 101
241 240 101
241 242 432
242 241 432
242 243 543
243 242 543
243 244 339
244 243 339
244 245 53
245 244 53
245 246 983
246 245 983
246 247 890
247 246 890
247 248 948
248 247 948
248 249 810
249 248 810
249 250 770
250 249 770
250 251 661
251 250 661
251 252 656
252 251 656
252 253 227
253 252 227
253 254 885
254 253 885
254 255 674
255 254 674
255 256 610
256 255 610
256 257 396
257 256 396
257 258 373
258 257 373
258 259 235
259 258 235
259 260 208
260 259 208
260 261 272
261 260 272
261 262 712
262 261 712
262 263 926
263 262 926
263 264 32
264 263 32
264 265 261
265 264 261
265 266 44
266 265 44
266 267 937
267 266 937
267 268 260
268 267 260
268 269 66
269 268 66
269 270 356
270 269 356
270 271 537
271 270 537
271 272 518
272 271 518
272 273 139
273 272 139
273 274 431
274 273 431
274 275 857
275 274 857
275 276 543
276 275 543
276 277 413
277 276 413
277 278 746
278 277 746
278 279 490
279 278 490
279 280 223
280 279 223
280 281 867
281 280 867
281 282 502
282 281 502
282 283 230
283 282 230
283 284 94
284 283 94
284 285 386
285 284 386
285 286 255
286 285 255
286 287 55
287 286 55
287 288 781
288 287 781
288 289 628
289 288 628
289 290 289
290 289 289
290 291 341
291 290 341
291 292 899
292 291 899
292 293 352
293 292 352
293 294 618
294 293 618
294 295 282
295 294 282
295 296 964
296 295 964
296 297 662
297 296 662
297 298 571
298 297 571
298 299 224
299 298 224
299 300 727
300 299 727
300 301 278
301 300 278
301 302 112
302 301 112
302 303 596
303 302 596
303 304 416
304 303 416
304 305 542
305 304 542
305 306 452
306 305 452
306 307 958
307 306 958
307 308 307
308 307 307
308 309 549
309 308 549
309 310 799
310 309 799
310 311 529
311 310 529
311 312 416
312 311 416
312 313 300
313 312 300
313 314 110
314 313 110
314 315 509
315 314 509
315 316 37
316 315 37
316 317 716
317 316 716
317 318 915
318 317 915
318 319 170
319 318 170
319 320 343
320 319 343
320 321 555
321 320 555
321 322 510
322 321 510
322 323 593
323 322 593
323 324 906
324 323 906
324 325 479
325 324 479
325 326 227
326 325 227
326 327 869
327 326 869
327 328 140
328 327 140
328 329 797
329 328 797
329 330 92
330 329 92
330 331 218
331 330 218
331 332 74
332 331 74
332 333 203
333 332 203
333 334 814
334 333 814
334 335 489
335 334 489
335 336 97
336 335 97
336 337 617
337 336 617
337 338 798
338 337 798
338 339 403
339 338 403
339 340 166
340 339 166
340 341 596
341 340 596
341 342 283
342 341 283
342 343 933
343 342 933
343 344 247
344 343 247
344 345 392
345 344 392
345 346 793
346 345 793
346 347 283
347 346 283
347 348 107
348 347 107
348 349 707
349 348 707
349 350 452
350 349 452
350 351 802
351 350 802
351 352 261
352 351 261
352 353 313
353 352 313
353 354 394
354 353 394
354 355 166
355 354 166
355 356 792
356 355 792
356 357 620
357 356 620
357 358 34
358 357 34
358 359 283
359 358 283
359 360 416
360 359 416
360 361 478
361 360 478
361 362 853
362 361 853
362 363 841
363 362 841
363 364 32
364 363 32
364 365 18
365 364 18
365 366 329
366 365 329
366 367 128
367 366 128
367 368 986
368 367 986
368 369 478
369 368 478
369 370 882
370 369 882
370 371 503
371 370 503
371 372 425
372 371 425
372 373 164
373 372 164
373 374 435
374 373 435
374 375 671
375 374 671
375 376 907
376 375 907
376 377 227
377 376 227
377 378 306
378 377 306
378 379 366
379 378 366
379 380 933
380 379 933
380 381 109
381 380 109
381 382 167
382 381 167
382 383 193
383 382 193
383 384 422
384 383 422
384 385 912
385 384 912
385 386 710
386 385 710
386 387 565
387 386 565
387 388 884
388 387 884
388 389 96
389 388 96
389 390 199
390 389 199
390 391 651
391 390 651
391 392 573
392 391 573
392 393 403
393 392 403
393 394 492
394 393 492
394 395 604
395 394 604
395 396 420
396 395 420
396 397 172
397 396 172
397 398 84
398 397 84
398 399 758
399 398 758
399 400 650
400 399 650
400 401 965
401 400 965
401 402 260
402 401 260
402 403 74
403 402 74
403 404 481
404 403 481
404 405 695
405 404 695
405 406 97
406 405 97
406 407 387
407 406 387
407 408 921
408 407 921
408 409 402
409 408 402
409 410 752
410 409 752
410 411 206
411 410 206
411 412 510
412 411 510
412 413 270
413 412 270
413 414 750
414 413 750
414 415 283
415 414 283
415 416 182
416 415 182
416 417 460
417 416 460
417 418 847
418 417 847
418 419 65
419 418 65
419 420 555
420 419 555
420 421 398
421 420 398
421 422 715
422 421 715
422 423 479
423 422 479
423 424 800
424 423 800
424 425 558
425 424 558
425 426 434
426 425 434
426 427 572
427 426 572
427 428 730
428 427 730
428 429 517
429 428 517
429 430 329
430 429 329
430 431 731
431 430 731
431 432 834
432 431 834
432 433 588
433 432 588
433 434 804
434 433 804
434 435 314
435 434 314
435 436 634
436 435 634
436 437 900
437 436 900
437 438 700
438 437 700
438 439 555
439 438 555
439 440 653
440 439 653
440 441 804
441 440 804
441 442 112
442 441 112
442 443 163
443 442 163
443 444 425
444 443 425
444 445 861
445 444 861
445 446 445
446 445 445
446 447 958
447 446 958
447 448 672
448 447 672
448 449 644
449 448 644
449 450 22
450 449 22
450 451 578
451 450 578
451 452 393
452 451 393
452 453 89
453 452 89
453 454 56
454 453 56
454 455 544
455 454 544
455 456 646
456 455 646
456 457 490
457 456 490
457 458 115
458 457 115
458 459 727
459 458 727
459 460 358
460 459 358
460 461 795
461 460 795
461 462 457
462 461 457
462 463 191
463 462 191
463 464 735
464 463 735
464 465 613
465 464 613
465 466 504
466 465 504
466 467 368
467 466 368
467 468 864
468 467 864
468 469 556
469 468 556
469 470 922
470 469 922
470 471 517
471 470 517
471 472 711
472 471 711
472 473 385
473 472 385
473 474 679
474 473 679
474 475 135
475 474 135
475 476 246
476 475 246
476 477 475
477 476 475
477 478 93
478 477 93
478 479 269
479 478 269
479 480 470
480 479 470
480 481 466
481 480 466
481 482 847
482 481 847
482 483 862
483 482 862
483 484 906
484 483 906
484 485 902
485 484 902
485 486 406
486 485 406
486 487 904
487 486 904
487 488 743
488 487 743
488 489 872
489 488 872
489 490 630
490 489 630
490 491 101
491 490 101
491 492 667
492 491 667
492 493 439
493 492 439
493 494 291
494 493 291
494 495 401
495 494 401
495 496 51
496 495 51
496 497 147
497 496 147
497 498 768
498 497 768
498 499 914
499 498 914
499 500 54
500 499 54
500 501 42
501 500 42
501 502 430
502 501 430
502 503 764
503 502 764
503 504 426
504 503 426
504 505 460
505 504 460
505 506 250
506 505 250
506 507 23
507 506 23
507 508 287
508 507 287
508 509 694
509 508 694
509 510 644
510 509 644
510 511 756
511 510 756
511 512 512
512 511 512
512 513 490
513 512 490
513 514 618
514 513 618
514 515 417
515 514 417
515 516 743
516 515 743
516 517 375
517 516 375
517 518 320
518 517 320
518 519 486
519 518 486
519 520 246
520 519 246
520 521 302
521 520 302
521 522 586
522 521 586
522 523 264
523 522 264
523 524 92
524 523 92
524 525 228
525 524 228
525 526 664
526 525 664
526 527 142
527 526 142
527 528 374
528 527 374
528 529 784
529 528 784
529 530 407
530 529 407
530 531 427
531 530 427
531 532 177
532 531 177
532 533 189
533 532 189
533 534 542
534 533 542
534 535 602
535 534 602
535 536 1000
536 535 1000
536 537 144
537 536 144
537 538 977
538 537 977
538 539 286
539 538 286
539 540 837
540 539 837
540 541 620
541 540 620
541 542 42
542 541 42
542 543 348
543 542 348
543 544 461
544 543 461
544 545 11
545 544 11
545 546 117
546 545 117
546 547 203
547 546 203
547 548 385
548 547 385
548 549 788
549 548 788
549 550 688
550 549 688
550 551 982
551 550 982
551 552 441
552 551 441
552 553 625
553 552 625
553 554 246
554 553 246
554 555 532
555 554 532
555 556 853
556 555 853
556 557 261
557 556 261
557 558 25
558 557 25
558 559 226
559 558 226
559 560 44
560 559 44
560 561 784
561 560 784
561 562 5
562 561 5
562 563 220
563 562 220
563 564 972
564 563 972
564 565 898
565 564 898
565 566 174
566 565 174
566 567 971
567 566 971
567 568 41
568 567 41
568 569 502
569 568 502
569 570 257
570 569 257
570 571 230
571 570 230
571 572 473
572 571 473
572 573 650
573 572 650
573 574 929
574 573 929
574 575 933
575 574 933
575 576 660
576 575 660
576 577 45
577 576 45
577 578 487
578 577 487
578 579 396
579 578 396
579 580 185
580 579 185
580 581 527
581 580 527
581 582 729
582 581 729
582 583 625
583 582 625
583 584 151
584 583 151
584 585 974
585 584 974
585 586 509
586 585 509
586 587 3
587 586 3
587 588 587
588 587 587
588 589 533
589 588 533
589 590 581
590 589 581
590 591 982
591 590 982
591 592 316
592 591 316
592 593 585
593 592 585
593 594 554
594 593 554
594 595 639
595 594 639
595 596 482
596 595 482
596 597 727
597 596 727
597 598 962
598 597 962
598 599 875
599 598 875
