0 1 861
1 0 861
1 2 146
2 1 146
2 3 485
3 2 485
3 4 105
4 3 105
4 5 848
5 4 848
5 6 102
6 5 102
6 7 664
7 6 664
7 8 291
8 7 291
8 9 656
9 8 656
9 10 855
10 9 855
10 11 993
11 10 993
11 12 944
12 11 944
12 13 820
13 12 820
13 14 473
14 13 473
14 15 713
15 14 713
15 16 115
16 15 115
16 17 651
17 16 651
17 18 55
18 17 55
18 19 300
19 18 300
19 20 629
20 19 629
20 21 149
21 20 149
21 22 500
22 21 500
22 23 11
23 22 11
23 24 182
24 23 182
24 25 391
25 24 391
25 26 762
26 25 762
26 27 617
27 26 617
27 28 179
28 27 179
28 29 247
29 28 247
29 30 741
30 29 741
30 31 959
31 30 959
31 32 107
32 31 107
32 33 238
33 32 238
33 34 444
34 33 444
34 35 563
35 34 563
35 36 85
36 35 85
36 37 897
37 36 897
37 38 226
38 37 226
38 39 728
39 38 728
39 40 904
40 39 904
40 41 433
41 40 433
41 42 720
42 41 720
42 43 199
43 42 199
43 44 252
44 43 252
44 45 544
45 44 544
45 46 912
46 45 912
46 47 366
47 46 366
47 48 546
48 47 546
48 49 966
49 48 966
49 50 17
50 49 17
50 51 175
51 50 175
51 52 466
52 51 466
52 53 868
53 52 868
53 54 185
54 53 185
54 55 647
55 54 647
55 56 611
56 55 611
56 57 298
57 56 298
57 58 615
58 57 615
58 59 789
59 58 789
59 60 545
60 59 545
60 61 707
61 60 707
61 62 99
62 61 99
62 63 3
63 62 3
63 64 945
64 63 945
64 65 894
65 64 894
65 66 918
66 65 918
66 67 381
67 66 381
67 68 790
68 67 790
68 69 495
69 68 495
69 70 460
70 69 460
70 71 693
71 70 693
71 72 927
72 71 927
72 73 179
73 72 179
73 74 244
74 73 244
74 75 178
75 74 178
75 76 75
76 75 75
76 77 155
77 76 155
77 78 896
78 77 896
78 79 620
79 78 620
79 80 472
80 79 472
80 81 264
81 80 264
81 82 146
82 81 146
82 83 289
83 82 289
83 84 132
84 83 132
84 85 331
85 84 331
85 86 287
86 85 287
86 87 94
87 86 94
87 88 980
88 87 980
88 89 901
89 88 901
89 90 882
90 89 882
90 91 524
91 90 524
91 92 960
92 91 960
92 93 332
93 92 332
93 94 879
94 93 879
94 95 904
95 94 904
95 96 226
96 95 226
96 97 796
97 96 796
97 98 636
98 97 636
98 99 367
99 98 367
99 100 290
100 99 290
100 101 96
101 100 96
101 102 412
102 101 412
102 103 569
103 102 569
103 104 626
104 103 626
104 105 655
105 104 655
105 106 98
106 105 98
106 107 52
107 106 52
107 108 161
108 107 161
108 109 993
109 108 993
109 110 672
110 109 672
110 111 632
111 110 632
111 112 609
112 111 609
112 113 169
113 112 169
113 114 272
114 113 272
114 115 92
115 114 92
115 116 851
116 115 851
116 117 558
117 116 558
117 118 185
118 117 185
118 119 831
119 118 831
119 120 810
120 119 810
120 121 418
121 120 418
121 122 706
122 121 706
122 123 769
123 122 769
123 124 749
124 123 749
124 125 584
125 124 584
125 126 24
126 125 24
126 127 974
127 126 974
127 128 731
128 127 731
128 129 660
129 128 660
129 130 693
130 129 693
130 131 373
131 130 373
131 132 107
132 131 107
132 133 104
133 132 104
133 134 293
134 133 293
134 135 732
135 134 732
135 136 758
136 135 758
136 137 390
137 136 390
137 138 784
138 137 784
138 139 918
139 138 918
139 140 735
140 139 735
140 141 807
141 140 807
141 142 901
142 141 901
142 143 343
143 142 343
143 144 327
144 143 327
144 145 524
145 144 524
145 146 434
146 145 434
146 147 178
147 146 178
147 148 81
148 147 81
148 149 970
149 148 970
149 150 8
150 149 8
150 151 242
151 150 242
151 152 387
152 151 387
152 153 65
153 152 65
153 154 11
154 153 11
154 155 135
155 154 135
155 156 1
156 155 1
156 157 386
157 156 386
157 158 461
158 157 461
158 159 731
159 158 731
159 160 397
160 159 397
160 161 153
161 160 153
161 162 455
162 161 455
162 163 503
163 162 503
163 164 608
164 163 608
164 165 747
165 164 747
165 166 587
166 165 587
166 167 717
167 166 717
167 168 489
168 167 489
168 169 722
169 168 722
169 170 986
170 169 986
170 171 223
171 170 223
171 172 880
172 171 880
172 173 886
173 172 886
173 174 565
174 173 565
174 175 206
175 174 206
175 176 409
176 175 409
176 177 350
177 176 350
177 178 383
178 177 383
178 179 841
179 178 841
179 180 319
180 179 319
180 181 742
181 180 742
181 182 82
182 181 82
182 183 705
183 182 705
183 184 807
184 183 807
184 185 444
185 184 444
185 186 191
186 185 191
186 187 807
187 186 807
187 188 830
188 187 830
188 189 651
189 188 651
189 190 889
190 189 889
190 191 226
191 190 226
191 192 155
192 191 155
192 193 344
193 192 344
193 194 81
194 193 81
194 195 762
195 194 762
195 196 442
196 195 442
196 197 667
197 196 667
197 198 478
198 197 478
198 199 930
199 198 930
199 200 740
200 199 740
200 201 463
201 200 463
201 202 152
202 201 152
202 203 619
203 202 619
203 204 700
204 203 700
204 205 68
205 204 68
205 206 824
206 205 824
206 207 460
207 206 460
207 208 769
208 207 769
208 209 559
209 208 559
209 210 652
210 209 652
210 211 87
211 210 87
211 212 300
212 211 300
212 213 734
213 212 734
213 214 143
214 213 143
214 215 106
215 214 106
215 216 529
216 215 529
216 217 334
217 216 334
217 218 264
218 217 264
218 219 710
219 218 710
219 220 984
220 219 984
220 221 153
221 220 153
221 222 936
222 221 936
222 223 491
223 222 491
223 224 848
224 223 848
224 225 368
225 224 368
225 226 252
226 225 252
226 227 289
227 226 289
227 228 386
228 227 386
228 229 82
229 228 82
229 230 571
230 229 571
230 231 125
231 230 125
231 232 544
232 231 544
232 233 74
233 232 74
233 234 743
234 233 743
234 235 596
235 234 596
235 236 142
236 235 142
236 237 918
237 236 918
237 238 55
238 237 55
238 239 910
239 238 910
239 240 476
240 239 476
240 241 59
241 240 59
241 242 349
242 241 349
242 243 128
243 242 128
243 244 792
244 243 792
244 245 491
245 244 491
245 246 585
246 245 585
246 247 672
247 246 672
247 248 824
248 247 824
248 249 849
249 248 849
249 250 382
250 249 382
250 251 160
251 250 160
251 252 1
252 251 1
252 253 669
253 252 669
253 254 650
254 253 650
254 255 848
255 254 848
255 256 36
256 255 36
256 257 253
257 256 253
257 258 488
258 257 488
258 259 421
259 258 421
259 260 334
260 259 334
260 261 58
261 260 58
261 262 897
262 261 897
262 263 230
263 262 230
263 264 132
264 263 132
264 265 991
265 264 991
265 266 177
266 265 177
266 267 625
267 266 625
267 268 908
268 267 908
268 269 231
269 268 231
269 270 534
270 269 534
270 271 736
271 270 736
271 272 641
272 271 641
272 273 234
273 272 234
273 274 215
274 273 215
274 275 432
275 274 432
275 276 725
276 275 725
276 277 799
277 276 799
277 278 456
278 277 456
278 279 900
279 278 900
279 280 647
280 279 647
280 281 837
281 280 837
281 282 411
282 281 411
282 283 999
283 282 999
283 284 505
284 283 505
284 285 60
285 284 60
285 286 846
286 285 846
286 287 892
287 286 892
287 288 665
288 287 665
288 289 334
289 288 334
289 290 664
290 289 664
290 291 998
291 290 998
291 292 391
292 291 391
292 293 560
293 292 560
293 294 579
294 293 579
294 295 874
295 294 874
295 296 902
296 295 902
296 297 755
297 296 755
297 298 498
298 297 498
298 299 161
299 298 161
299 300 338
300 299 338
300 301 384
301 300 384
301 302 896
302 301 896
302 303 978
303 302 978
303 304 617
304 303 617
304 305 462
305 304 462
305 306 762
306 305 762
306 307 693
307 306 693
307 308 261
308 307 261
308 309 217
309 308 217
309 310 593
310 309 593
310 311 259
311 310 259
311 312 405
312 311 405
312 313 3
313 312 3
313 314 258
314 313 258
314 315 261
315 314 261
315 316 415
316 315 415
316 317 455
317 316 455
317 318 152
318 317 152
318 319 79
319 318 79
319 320 788
320 319 788
320 321 815
321 320 815
321 322 428
322 321 428
322 323 531
323 322 531
323 324 726
324 323 726
324 325 359
325 324 359
325 326 756
326 325 756
326 327 627
327 326 627
327 328 113
328 327 113
328 329 254
329 328 254
329 330 787
330 329 787
330 331 802
331 330 802
331 332 989
332 331 989
332 333 35
333 332 35
333 334 780
334 333 780
334 335 605
335 334 605
335 336 848
336 335 848
336 337 893
337 336 893
337 338 650
338 337 650
338 339 460
339 338 460
339 340 109
340 339 109
340 341 242
341 340 242
341 342 719
342 341 719
342 343 865
343 342 865
343 344 596
344 343 596
344 345 328
345 344 328
345 346 125
346 345 125
346 347 362
347 346 362
347 348 782
348 347 782
348 349 276
349 348 276
349 350 792
350 349 792
350 351 922
351 350 922
351 352 442
352 351 442
352 353 572
353 352 572
353 354 452
354 353 452
354 355 519
355 354 519
355 356 930
356 355 930
356 357 207
357 356 207
357 358 497
358 357 497
358 359 394
359 358 394
359 360 812
360 359 812
360 361 635
361 360 635
361 362 196
362 361 196
362 363 800
363 362 800
363 364 669
364 363 669
364 365 327
365 364 327
365 366 757
366 365 757
366 367 869
367 366 869
367 368 219
368 367 219
368 369 406
369 368 406
369 370 328
370 369 328
370 371 679
371 370 679
371 372 999
372 371 999
372 373 46
373 372 46
373 374 895
374 373 895
374 375 594
375 374 594
375 376 725
376 375 725
376 377 19
377 376 19
377 378 308
378 377 308
378 379 507
379 378 507
379 380 646
380 379 646
380 381 99
381 380 99
381 382 428
382 381 428
382 383 87
383 382 87
383 384 670
384 383 670
384 385 231
385 384 231
385 386 957
386 385 957
386 387 951
387 386 951
387 388 789
388 387 789
388 389 453
389 388 453
389 390 345
390 389 345
390 391 601
391 390 601
391 392 87
392 391 87
392 393 892
393 392 892
393 394 752
394 393 752
394 395 108
395 394 108
395 396 218
396 395 218
396 397 508
397 396 508
397 398 976
398 397 976
398 399 788
399 398 788
399 400 265
400 399 265
400 401 303
401 400 303
401 402 818
402 401 818
402 403 263
403 402 263
403 404 701
404 403 701
404 405 712
405 404 712
405 406 209
406 405 209
406 407 425
407 406 425
407 408 82
408 407 82
408 409 516
409 408 516
409 410 931
410 409 931
410 411 727
411 410 727
411 412 966
412 411 966
412 413 710
413 412 710
413 414 813
414 413 813
414 415 636
415 414 636
415 416 940
416 415 940
416 417 121
417 416 121
417 418 586
418 417 586
418 419 81
419 418 81
419 420 573
420 419 573
420 421 282
421 420 282
421 422 33
422 421 33
422 423 659
423 422 659
423 424 173
424 423 173
424 425 784
425 424 784
425 426 118
426 425 118
426 427 742
427 426 742
427 428 644
428 427 644
428 429 93
429 428 93
429 430 881
430 429 881
430 431 908
431 430 908
431 432 748
432 431 748
432 433 50
433 432 50
433 434 523
434 433 523
434 435 448
435 434 448
435 436 761
436 435 761
436 437 731
437 436 731
437 438 224
438 437 224
438 439 194
439 438 194
439 440 598
440 439 598
440 441 155
441 440 155
441 442 920
442 441 920
442 443 563
443 442 563
443 444 216
444 443 216
444 445 84
445 444 84
445 446 550
446 445 550
446 447 508
447 446 508
447 448 204
448 447 204
448 449 488
449 448 488
449 450 588
450 449 588
450 451 776
451 450 776
451 452 769
452 451 769
452 453 620
453 452 620
453 454 787
454 453 787
454 455 294
455 454 294
455 456 755
456 455 755
456 457 904
457 456 904
457 458 387
458 457 387
458 459 750
459 458 750
459 460 997
460 459 997
460 461 268
461 460 268
461 462 658
462 461 658
462 463 744
463 462 744
463 464 317
464 463 317
464 465 532
465 464 532
465 466 543
466 465 543
466 467 430
467 466 430
467 468 614
468 467 614
468 469 766
469 468 766
469 470 623
470 469 623
470 471 211
471 470 211
471 472 272
472 471 272
472 473 895
473 472 895
473 474 773
474 473 773
474 475 488
475 474 488
475 476 978
476 475 978
476 477 675
477 476 675
477 478 995
478 477 995
478 479 182
479 478 182
479 480 162
480 479 162
480 481 934
481 480 934
481 482 957
482 481 957
482 483 930
483 482 930
483 484 905
484 483 905
484 485 95
485 484 95
485 486 575
486 485 575
486 487 659
487 486 659
487 488 999
488 487 999
488 489 962
489 488 962
489 490 409
490 489 409
490 491 347
491 490 347
491 492 581
492 491 581
492 493 418
493 492 418
493 494 90
494 493 90
494 495 897
495 494 897
495 496 301
496 495 301
496 497 984
497 496 984
497 498 678
498 497 678
498 499 914
499 498 914
499 500 749
500 499 749
500 501 653
501 500 653
501 502 124
502 501 124
502 503 21
503 502 21
503 504 547
504 503 547
504 505 248
505 504 248
505 506 860
506 505 860
506 507 876
507 506 876
507 508 922
508 507 922
508 509 206
509 508 206
509 510 57
510 509 57
510 511 83
511 510 83
511 512 139
512 511 139
512 513 366
513 512 366
513 514 365
514 513 365
514 515 43
515 514 43
515 516 460
516 515 460
516 517 939
517 516 939
517 518 53
518 517 53
518 519 810
519 518 810
519 520 900
520 519 900
520 521 813
521 520 813
521 522 156
522 521 156
522 523 832
523 522 832
523 524 230
524 523 230
524 525 597
525 524 597
525 526 81
526 525 81
526 527 530
527 526 530
527 528 580
528 527 580
528 529 758
529 528 758
529 530 443
530 529 443
530 531 329
531 530 329
531 532 762
532 531 762
532 533 918
533 532 918
533 534 701
534 533 701
534 535 660
535 534 660
535 536 518
536 535 518
536 537 560
537 536 560
537 538 536
538 537 536
538 539 439
539 538 439
539 540 765
540 539 765
540 541 592
541 540 592
541 542 874
542 541 874
542 543 255
543 542 255
543 544 309
544 543 309
544 545 238
545 544 238
545 546 649
546 545 649
546 547 769
547 546 769
547 548 528
548 547 528
548 549 701
549 548 701
549 550 578
550 549 578
550 551 780
551 550 780
551 552 514
552 551 514
552 553 734
553 552 734
553 554 611
554 553 611
554 555 95
555 554 95
555 556 682
556 555 682
556 557 691
557 556 691
557 558 977
558 557 977
558 559 262
559 558 262
559 560 801
560 559 801
560 561 771
561 560 771
561 562 590
562 561 590
562 563 562
563 562 562
563 564 689
564 563 689
564 565 642
565 564 642
565 566 574
566 565 574
566 567 206
567 566 206
567 568 201
568 567 201
568 569 109
569 568 109
569 570 996
570 569 996
570 571 317
571 570 317
571 572 52
572 571 52
572 573 869
573 572 869
573 574 571
574 573 571
574 575 361
575 574 361
575 576 458
576 575 458
576 577 219
577 576 219
577 578 129
578 577 129
578 579 986
579 578 986
579 580 271
580 579 271
580 581 58
581 580 58
581 582 117
582 581 117
582 583 136
583 582 136
583 584 143
584 583 143
584 585 727
585 584 727
585 586 231
586 585 231
586 587 825
587 586 825
587 588 418
588 587 418
588 589 559
589 588 559
589 590 86
590 589 86
590 591 570
591 590 570
591 592 329
592 591 329
592 593 27
593 592 27
593 594 131
594 593 131
594 595 17
595 594 17
595 596 668
596 595 668
596 597 704
597 596 704
597 598 574
598 597 574
598 599 220
599 598 220
599 600 164
600 599 164
600 601 570
601 600 570
601 602 536
602 601 536
602 603 216
603 602 216
603 604 790
604 603 790
604 605 458
605 604 458
605 606 576
606 605 576
606 607 248
607 606 248
607 608 28
608 607 28
608 609 56
609 608 56
609 610 585
610 609 585
610 611 298
611 610 298
611 612 465
612 611 465
612 613 701
613 612 701
613 614 786
614 613 786
614 615 608
615 614 608
615 616 779
616 615 779
616 617 16
617 616 16
617 618 784
618 617 784
618 619 196
619 618 196
619 620 574
620 619 574
620 621 221
621 620 221
621 622 765
622 621 765
622 623 902
623 622 902
623 624 599
624 623 599
624 625 248
625 624 248
625 626 271
626 625 271
626 627 266
627 626 266
627 628 303
628 627 303
628 629 196
629 628 196
629 630 837
630 629 837
630 631 467
631 630 467
631 632 765
632 631 765
632 633 372
633 632 372
633 634 34
634 633 34
634 635 907
635 634 907
635 636 181
636 635 181
636 637 609
637 636 609
637 638 506
638 637 506
638 639 208
639 638 208
639 640 16
640 639 16
640 641 442
641 640 442
641 642 505
642 641 505
642 643 480
643 642 480
643 644 142
644 643 142
644 645 290
645 644 290
645 646 439
646 645 439
646 647 920
647 646 920
647 648 657
648 647 657
648 649 574
649 648 574
649 650 468
650 649 468
650 651 582
651 650 582
651 652 794
652 651 794
652 653 584
653 652 584
653 654 836
654 653 836
654 655 392
655 654 392
655 656 183
656 655 183
656 657 458
657 656 458
657 658 9
658 657 9
658 659 486
659 658 486
659 660 653
660 659 653
660 661 197
661 660 197
661 662 304
662 661 304
662 663 770
663 662 770
663 664 568
664 663 568
664 665 337
665 664 337
665 666 676
666 665 676
666 667 748
667 666 748
667 668 297
668 667 297
668 669 181
669 668 181
669 670 307
670 669 307
670 671 664
671 670 664
671 672 622
672 671 622
672 673 812
673 672 812
673 674 143
674 673 143
674 675 115
675 674 115
675 676 453
676 675 453
676 677 934
677 676 934
677 678 386
678 677 386
678 679 462
679 678 462
679 680 507
680 679 507
680 681 853
681 680 853
681 682 43
682 681 43
682 683 653
683 682 653
683 684 789
684 683 789
684 685 230
685 684 230
685 686 396
686 685 396
686 687 971
687 686 971
687 688 687
688 687 687
688 689 405
689 688 405
689 690 808
690 689 808
690 691 340
691 690 340
691 692 953
692 691 953
692 693 463
693 692 463
693 694 109
694 693 109
694 695 873
695 694 873
695 696 151
696 695 151
696 697 136
697 696 136
697 698 972
698 697 972
698 699 799
699 698 799
699 700 316
700 699 316
700 701 279
701 700 279
701 702 462
702 701 462
702 703 289
703 702 289
703 704 90
704 703 90
704 705 957
705 704 957
705 706 403
706 705 403
706 707 894
707 706 894
707 708 890
708 707 890
708 709 140
709 708 140
709 710 355
710 709 355
710 711 748
711 710 748
711 712 345
712 711 345
712 713 750
713 712 750
713 714 400
714 713 400
714 715 133
715 714 133
715 716 331
716 715 331
716 717 796
717 716 796
717 718 455
718 717 455
718 719 18
719 718 18
719 720 552
720 719 552
720 721 615
721 720 615
721 722 709
722 721 709
722 723 504
723 722 504
723 724 429
724 723 429
724 725 169
725 724 169
725 726 376
726 725 376
726 727 932
727 726 932
727 728 656
728 727 656
728 729 348
729 728 348
729 730 730
730 729 730
730 731 323
731 730 323
731 732 626
732 731 626
732 733 544
733 732 544
733 734 611
734 733 611
734 735 67
735 734 67
735 736 500
736 735 500
736 737 365
737 736 365
737 738 312
738 737 312
738 739 741
739 738 741
739 740 856
740 739 856
740 741 19
741 740 19
741 742 488
742 741 488
742 743 200
743 742 200
743 744 120
744 743 120
744 745 240
745 744 240
745 746 684
746 745 684
746 747 450
747 746 450
747 748 35
748 747 35
748 749 139
749 748 139
749 750 819
750 749 819
750 751 938
751 750 938
751 752 105
752 751 105
752 753 879
753 752 879
753 754 793
754 753 793
754 755 885
755 754 885
755 756 399
756 755 399
756 757 521
757 756 521
757 758 816
758 757 816
758 759 54
759 758 54
759 760 220
760 759 220
760 761 546
761 760 546
761 762 376
762 761 376
762 763 197
763 762 197
763 764 89
764 763 89
764 765 338
765 764 338
765 766 615
766 765 615
766 767 940
767 766 940
767 768 54
768 767 54
768 769 926
769 768 926
769 770 680
770 769 680
770 771 910
771 770 910
771 772 944
772 771 944
772 773 167
773 772 167
773 774 109
774 773 109
774 775 63
775 774 63
775 776 406
776 775 406
776 777 793
777 776 793
777 778 865
778 777 865
778 779 792
779 778 792
779 780 283
780 779 283
780 781 683
781 780 683
781 782 81
782 781 81
782 783 739
783 782 739
783 784 562
784 783 562
784 785 226
785 784 226
785 786 623
786 785 623
786 787 960
787 786 960
787 788 746
788 787 746
788 789 439
789 788 439
789 790 366
790 789 366
790 791 965
791 790 965
791 792 336
792 791 336
792 793 93
793 792 93
793 794 161
794 793 161
794 795 776
795 794 776
795 796 431
796 795 431
796 797 775
797 796 775
797 798 715
798 797 715
798 799 484
799 798 484
