0 1 204
1 0 204
1 2 161
2 1 161
2 3 283
3 2 283
3 4 758
4 3 758
4 5 134
5 4 134
5 6 120
6 5 120
6 7 687
7 6 687
7 8 35
8 7 35
8 9 438
9 8 438
9 10 946
10 9 946
10 11 17
11 10 17
11 12 143
12 11 143
12 13 101
13 12 101
13 14 51
14 13 51
14 15 427
15 14 427
15 16 172
16 15 172
16 17 983
17 16 983
17 18 146
18 17 146
18 19 905
19 18 905
19 20 628
20 19 628
20 21 486
21 20 486
21 22 610
22 21 610
22 23 581
23 22 581
23 24 927
24 23 927
24 25 154
25 24 154
25 26 23
26 25 23
26 27 934
27 26 934
27 28 769
28 27 769
28 29 652
29 28 652
29 30 676
30 29 676
30 31 963
31 30 963
31 32 855
32 31 855
32 33 188
33 32 188
33 34 245
34 33 245
34 35 964
35 34 964
35 36 673
36 35 673
36 37 717
37 36 717
37 38 651
38 37 651
38 39 60
39 38 60
39 40 506
40 39 506
40 41 596
41 40 596
41 42 428
42 41 428
42 43 648
43 42 648
43 44 49
44 43 49
44 45 478
45 44 478
45 46 74
46 45 74
46 47 220
47 46 220
47 48 460
48 47 460
48 49 571
49 48 571
49 50 124
50 49 124
50 51 439
51 50 439
51 52 409
52 51 409
52 53 86
53 52 86
53 54 20
54 53 20
54 55 335
55 54 335
55 56 591
56 55 591
56 57 42
57 56 42
57 58 621
58 57 621
58 59 711
59 58 711
59 60 45
60 59 45
60 61 648
61 60 648
61 62 673
62 61 673
62 63 251
63 62 251
63 64 835
64 63 835
64 65 270
65 64 270
65 66 214
66 65 214
66 67 859
67 66 859
67 68 338
68 67 338
68 69 216
69 68 216
69 70 918
70 69 918
70 71 843
71 70 843
71 72 164
72 71 164
72 73 345
73 72 345
73 74 842
74 73 842
74 75 212
75 74 212
75 76 175
76 75 175
76 77 268
77 76 268
77 78 783
78 77 783
78 79 986
79 78 986
79 80 838
80 79 838
80 81 907
81 80 907
81 82 425
82 81 425
82 83 598
83 82 598
83 84 344
84 83 344
84 85 796
85 84 796
85 86 285
86 85 285
86 87 934
87 86 934
87 88 189
88 87 189
88 89 905
89 88 905
89 90 996
90 89 996
90 91 233
91 90 233
91 92 904
92 91 904
92 93 669
93 92 669
93 94 835
94 93 835
94 95 90
95 94 90
95 96 290
96 95 290
96 97 400
97 96 400
97 98 948
98 97 948
98 99 627
99 98 627
