0 1 429
1 0 429
1 2 763
2 1 763
2 3 268
3 2 268
3 4 389
4 3 389
4 5 692
5 4 692
5 6 158
6 5 158
6 7 805
7 6 805
7 8 714
8 7 714
8 9 497
9 8 497
9 10 939
10 9 939
10 11 302
11 10 302
11 12 831
12 11 831
12 13 703
13 12 703
13 14 955
14 13 955
14 15 483
15 14 483
15 16 373
16 15 373
16 17 248
17 16 248
17 18 198
18 17 198
18 19 387
19 18 387
19 20 240
20 19 240
20 21 146
21 20 146
21 22 746
22 21 746
22 23 484
23 22 484
23 24 232
24 23 232
24 25 547
25 24 547
25 26 904
26 25 904
26 27 789
27 26 789
27 28 513
28 27 513
28 29 836
29 28 836
29 30 611
30 29 611
30 31 316
31 30 316
31 32 264
32 31 264
32 33 726
33 32 726
33 34 935
34 33 935
34 35 652
35 34 652
35 36 417
36 35 417
36 37 444
37 36 444
37 38 808
38 37 808
38 39 483
39 38 483
39 40 941
40 39 941
40 41 746
41 40 746
41 42 136
42 41 136
42 43 771
43 42 771
43 44 449
44 43 449
44 45 442
45 44 442
45 46 605
46 45 605
46 47 173
47 46 173
47 48 689
48 47 689
48 49 802
49 48 802
49 50 560
50 49 560
50 51 281
51 50 281
51 52 948
52 51 948
52 53 305
53 52 305
53 54 116
54 53 116
54 55 531
55 54 531
55 56 203
56 55 203
56 57 19
57 56 19
57 58 671
58 57 671
58 59 67
59 58 67
59 60 206
60 59 206
60 61 281
61 60 281
61 62 734
62 61 734
62 63 821
63 62 821
63 64 358
64 63 358
64 65 669
65 64 669
65 66 472
66 65 472
66 67 775
67 66 775
67 68 112
68 67 112
68 69 280
69 68 280
69 70 609
70 69 609
70 71 404
71 70 404
71 72 377
72 71 377
72 73 744
73 72 744
73 74 174
74 73 174
74 75 825
75 74 825
75 76 185
76 75 185
76 77 131
77 76 131
77 78 350
78 77 350
78 79 226
79 78 226
79 80 932
80 79 932
80 81 909
81 80 909
81 82 506
82 81 506
82 83 231
83 82 231
83 84 565
84 83 565
84 85 621
85 84 621
85 86 761
86 85 761
86 87 767
87 86 767
87 88 991
88 87 991
88 89 431
89 88 431
89 90 185
90 89 185
90 91 197
91 90 197
91 92 64
92 91 64
92 93 918
93 92 918
93 94 17
94 93 17
94 95 421
95 94 421
95 96 938
96 95 938
96 97 841
97 96 841
97 98 547
98 97 547
98 99 50
99 98 50
99 100 472
100 99 472
100 101 155
101 100 155
101 102 453
102 101 453
102 103 848
103 102 848
103 104 898
104 103 898
104 105 979
105 104 979
105 106 25
106 105 25
106 107 435
107 106 435
107 108 109
108 107 109
108 109 374
109 108 374
109 110 660
110 109 660
110 111 392
111 110 392
111 112 282
112 111 282
112 113 517
113 112 517
113 114 623
114 113 623
114 115 846
115 114 846
115 116 137
116 115 137
116 117 383
117 116 383
117 118 964
118 117 964
118 119 479
119 118 479
119 120 166
120 119 166
120 121 500
121 120 500
121 122 675
122 121 675
122 123 229
123 122 229
123 124 769
124 123 769
124 125 44
125 124 44
125 126 649
126 125 649
126 127 707
127 126 707
127 128 236
128 127 236
128 129 196
129 128 196
129 130 108
130 129 108
130 131 707
131 130 707
131 132 350
132 131 350
132 133 912
133 132 912
133 134 906
134 133 906
134 135 600
135 134 600
135 136 242
136 135 242
136 137 930
137 136 930
137 138 386
138 137 386
138 139 702
139 138 702
139 140 655
140 139 655
140 141 45
141 140 45
141 142 94
142 141 94
142 143 936
143 142 936
143 144 913
144 143 913
144 145 68
145 144 68
145 146 133
146 145 133
146 147 49
147 146 49
147 148 802
148 147 802
148 149 96
149 148 96
149 150 879
150 149 879
150 151 967
151 150 967
151 152 947
152 151 947
152 153 906
153 152 906
153 154 195
154 153 195
154 155 716
155 154 716
155 156 949
156 155 949
156 157 196
157 156 196
157 158 422
158 157 422
158 159 184
159 158 184
159 160 391
160 159 391
160 161 881
161 160 881
161 162 242
162 161 242
162 163 92
163 162 92
163 164 792
164 163 792
164 165 147
165 164 147
165 166 43
166 165 43
166 167 34
167 166 34
167 168 429
168 167 429
168 169 428
169 168 428
169 170 735
170 169 735
170 171 83
171 170 83
171 172 824
172 171 824
172 173 828
173 172 828
173 174 371
174 173 371
174 175 736
175 174 736
175 176 895
176 175 895
176 177 503
177 176 503
177 178 136
178 177 136
178 179 697
179 178 697
179 180 951
180 179 951
180 181 15
181 180 15
181 182 15
182 181 15
182 183 897
183 182 897
183 184 920
184 183 920
184 185 210
185 184 210
185 186 612
186 185 612
186 187 220
187 186 220
187 188 757
188 187 757
188 189 385
189 188 385
189 190 755
190 189 755
190 191 147
191 190 147
191 192 265
192 191 265
192 193 348
193 192 348
193 194 590
194 193 590
194 195 57
195 194 57
195 196 494
196 195 494
196 197 633
197 196 633
197 198 90
198 197 90
198 199 274
199 198 274
199 200 412
200 199 412
200 201 176
201 200 176
201 202 357
202 201 357
202 203 236
203 202 236
203 204 4
204 203 4
204 205 727
205 204 727
205 206 323
206 205 323
206 207 250
207 206 250
207 208 229
208 207 229
208 209 459
209 208 459
209 210 298
210 209 298
210 211 531
211 210 531
211 212 825
212 211 825
212 213 313
213 212 313
213 214 428
214 213 428
214 215 96
215 214 96
215 216 874
216 215 874
216 217 391
217 216 391
217 218 315
218 217 315
218 219 630
219 218 630
219 220 776
220 219 776
220 221 421
221 220 421
221 222 128
222 221 128
222 223 392
223 222 392
223 224 768
224 223 768
224 225 717
225 224 717
225 226 800
226 225 800
226 227 613
227 226 613
227 228 701
228 227 701
228 229 241
229 228 241
229 230 887
230 229 887
230 231 113
231 230 113
231 232 417
232 231 417
232 233 595
233 232 595
233 234 700
234 233 700
234 235 772
235 234 772
235 236 321
236 235 321
236 237 22
237 236 22
237 238 21
238 237 21
238 239 901
239 238 901
239 240 832
240 239 832
240 241 671
241 240 671
241 242 784
242 241 784
242 243 656
243 242 656
243 244 983
244 243 983
244 245 211
245 244 211
245 246 103
246 245 103
246 247 208
247 246 208
247 248 953
248 247 953
248 249 769
249 248 769
249 250 837
250 249 837
250 251 728
251 250 728
251 252 189
252 251 189
252 253 964
253 252 964
253 254 472
254 253 472
254 255 308
255 254 308
255 256 32
256 255 32
256 257 271
257 256 271
257 258 921
258 257 921
258 259 733
259 258 733
259 260 512
260 259 512
260 261 159
261 260 159
261 262 197
262 261 197
262 263 928
263 262 928
263 264 753
264 263 753
264 265 896
265 264 896
265 266 699
266 265 699
266 267 425
267 266 425
267 268 269
268 267 269
268 269 71
269 268 71
269 270 677
270 269 677
270 271 101
271 270 101
271 272 93
272 271 93
272 273 460
273 272 460
273 274 108
274 273 108
274 275 427
275 274 427
275 276 22
276 275 22
276 277 211
277 276 211
277 278 634
278 277 634
278 279 975
279 278 975
279 280 979
280 279 979
280 281 470
281 280 470
281 282 54
282 281 54
282 283 520
283 282 520
283 284 785
284 283 785
284 285 525
285 284 525
285 286 827
286 285 827
286 287 169
287 286 169
287 288 796
288 287 796
288 289 747
289 288 747
289 290 253
290 289 253
290 291 659
291 290 659
291 292 257
292 291 257
292 293 449
293 292 449
293 294 586
294 293 586
294 295 9
295 294 9
295 296 696
296 295 696
296 297 636
297 296 636
297 298 785
298 297 785
298 299 964
299 298 964
299 300 58
300 299 58
300 301 814
301 300 814
301 302 416
302 301 416
302 303 151
303 302 151
303 304 273
304 303 273
304 305 524
305 304 524
305 306 577
306 305 577
306 307 647
307 306 647
307 308 86
308 307 86
308 309 563
309 308 563
309 310 621
310 309 621
310 311 416
311 310 416
311 312 32
312 311 32
312 313 26
313 312 26
313 314 935
314 313 935
314 315 169
315 314 169
315 316 551
316 315 551
316 317 762
317 316 762
317 318 337
318 317 337
318 319 698
319 318 698
319 320 860
320 319 860
320 321 589
321 320 589
321 322 708
322 321 708
322 323 117
323 322 117
323 324 389
324 323 389
324 325 645
325 324 645
325 326 477
326 325 477
326 327 84
327 326 84
327 328 280
328 327 280
328 329 262
329 328 262
329 330 399
330 329 399
330 331 689
331 330 689
331 332 75
332 331 75
332 333 815
333 332 815
333 334 191
334 333 191
334 335 699
335 334 699
335 336 690
336 335 690
336 337 120
337 336 120
337 338 345
338 337 345
338 339 127
339 338 127
339 340 682
340 339 682
340 341 317
341 340 317
341 342 542
342 341 542
342 343 65
343 342 65
343 344 343
344 343 343
344 345 829
345 344 829
345 346 233
346 345 233
346 347 245
347 346 245
347 348 942
348 347 942
348 349 921
349 348 921
349 350 294
350 349 294
350 351 801
351 350 801
351 352 509
352 351 509
352 353 1
353 352 1
353 354 269
354 353 269
354 355 249
355 354 249
355 356 645
356 355 645
356 357 746
357 356 746
357 358 332
358 357 332
358 359 276
359 358 276
359 360 359
360 359 359
360 361 83
361 360 83
361 362 316
362 361 316
362 363 433
363 362 433
363 364 249
364 363 249
364 365 507
365 364 507
365 366 483
366 365 483
366 367 290
367 366 290
367 368 978
368 367 978
368 369 180
369 368 180
369 370 416
370 369 416
370 371 659
371 370 659
371 372 496
372 371 496
372 373 309
373 372 309
373 374 723
374 373 723
374 375 838
375 374 838
375 376 489
376 375 489
376 377 308
377 376 308
377 378 434
378 377 434
378 379 430
379 378 430
379 380 228
380 379 228
380 381 727
381 380 727
381 382 583
382 381 583
382 383 89
383 382 89
383 384 79
384 383 79
384 385 851
385 384 851
385 386 337
386 385 337
386 387 723
387 386 723
387 388 596
388 387 596
388 389 21
389 388 21
389 390 350
390 389 350
390 391 954
391 390 954
391 392 455
392 391 455
392 393 666
393 392 666
393 394 738
394 393 738
394 395 703
395 394 703
395 396 524
396 395 524
396 397 573
397 396 573
397 398 992
398 397 992
398 399 501
399 398 501
399 400 752
400 399 752
400 401 759
401 400 759
401 402 159
402 401 159
402 403 247
403 402 247
403 404 419
404 403 419
404 405 233
405 404 233
405 406 437
406 405 437
406 407 908
407 406 908
407 408 540
408 407 540
408 409 222
409 408 222
409 410 689
410 409 689
410 411 120
411 410 120
411 412 949
412 411 949
412 413 271
413 412 271
413 414 560
414 413 560
414 415 27
415 414 27
415 416 122
416 415 122
416 417 896
417 416 896
417 418 102
418 417 102
418 419 69
419 418 69
419 420 268
420 419 268
420 421 451
421 420 451
421 422 375
422 421 375
422 423 722
423 422 722
423 424 468
424 423 468
424 425 464
425 424 464
425 426 424
426 425 424
426 427 991
427 426 991
427 428 36
428 427 36
428 429 767
429 428 767
429 430 491
430 429 491
430 431 787
431 430 787
431 432 525
432 431 525
432 433 1
433 432 1
433 434 386
434 433 386
434 435 296
435 434 296
435 436 234
436 435 234
436 437 174
437 436 174
437 438 203
438 437 203
438 439 125
439 438 125
439 440 395
440 439 395
440 441 243
441 440 243
441 442 244
442 441 244
442 443 695
443 442 695
443 444 514
444 443 514
444 445 803
445 444 803
445 446 74
446 445 74
446 447 987
447 446 987
447 448 51
448 447 51
448 449 175
449 448 175
449 450 55
450 449 55
450 451 670
451 450 670
451 452 977
452 451 977
452 453 429
453 452 429
453 454 392
454 453 392
454 455 797
455 454 797
455 456 245
456 455 245
456 457 167
457 456 167
457 458 787
458 457 787
458 459 280
459 458 280
459 460 286
460 459 286
460 461 630
461 460 630
461 462 419
462 461 419
462 463 162
463 462 162
463 464 630
464 463 630
464 465 156
465 464 156
465 466 457
466 465 457
466 467 215
467 466 215
467 468 329
468 467 329
468 469 11
469 468 11
469 470 340
470 469 340
470 471 75
471 470 75
471 472 254
472 471 254
472 473 935
473 472 935
473 474 770
474 473 770
474 475 767
475 474 767
475 476 90
476 475 90
476 477 843
477 476 843
477 478 753
478 477 753
478 479 492
479 478 492
479 480 369
480 479 369
480 481 159
481 480 159
481 482 161
482 481 161
482 483 345
483 482 345
483 484 940
484 483 940
484 485 904
485 484 904
485 486 141
486 485 141
486 487 184
487 486 184
487 488 423
488 487 423
488 489 280
489 488 280
489 490 815
490 489 815
490 491 708
491 490 708
491 492 909
492 491 909
492 493 233
493 492 233
493 494 869
494 493 869
494 495 890
495 494 890
495 496 740
496 495 740
496 497 678
497 496 678
497 498 105
498 497 105
498 499 68
499 498 68
