0 1 405
1 0 405
1 2 527
2 1 527
2 3 632
3 2 632
3 4 390
4 3 390
4 5 570
5 4 570
5 6 213
6 5 213
6 7 471
7 6 471
7 8 626
8 7 626
8 9 526
9 8 526
9 10 230
10 9 230
10 11 993
11 10 993
11 12 750
12 11 750
12 13 358
13 12 358
13 14 638
14 13 638
14 15 278
15 14 278
15 16 755
16 15 755
16 17 923
17 16 923
17 18 79
18 17 79
18 19 940
19 18 940
19 20 285
20 19 285
20 21 816
21 20 816
21 22 25
22 21 25
22 23 633
23 22 633
23 24 47
24 23 47
24 25 495
25 24 495
25 26 739
26 25 739
26 27 888
27 26 888
27 28 559
28 27 559
28 29 482
29 28 482
29 30 726
30 29 726
30 31 464
31 30 464
31 32 887
32 31 887
32 33 252
33 32 252
33 34 96
34 33 96
34 35 628
35 34 628
35 36 173
36 35 173
36 37 660
37 36 660
37 38 450
38 37 450
38 39 798
39 38 798
39 40 537
40 39 537
40 41 32
41 40 32
41 42 142
42 41 142
42 43 638
43 42 638
43 44 389
44 43 389
44 45 780
45 44 780
45 46 915
46 45 915
46 47 495
47 46 495
47 48 702
48 47 702
48 49 993
49 48 993
49 50 434
50 49 434
50 51 986
51 50 986
51 52 160
52 51 160
52 53 810
53 52 810
53 54 970
54 53 970
54 55 206
55 54 206
55 56 657
56 55 657
56 57 60
57 56 60
57 58 93
58 57 93
58 59 215
59 58 215
59 60 542
60 59 542
60 61 170
61 60 170
61 62 30
62 61 30
62 63 780
63 62 780
63 64 421
64 63 421
64 65 125
65 64 125
65 66 407
66 65 407
66 67 593
67 66 593
67 68 137
68 67 137
68 69 208
69 68 208
69 70 743
70 69 743
70 71 673
71 70 673
71 72 239
72 71 239
72 73 884
73 72 884
73 74 311
74 73 311
74 75 980
75 74 980
75 76 15
76 75 15
76 77 577
77 76 577
77 78 474
78 77 474
78 79 716
79 78 716
79 80 922
80 79 922
80 81 260
81 80 260
81 82 53
82 81 53
82 83 81
83 82 81
83 84 69
84 83 69
84 85 375
85 84 375
85 86 287
86 85 287
86 87 725
87 86 725
87 88 434
88 87 434
88 89 731
89 88 731
89 90 291
90 89 291
90 91 327
91 90 327
91 92 901
92 91 901
92 93 321
93 92 321
93 94 106
94 93 106
94 95 673
95 94 673
95 96 445
96 95 445
96 97 864
97 96 864
97 98 266
98 97 266
98 99 581
99 98 581
99 100 424
100 99 424
100 101 360
101 100 360
101 102 606
102 101 606
102 103 662
103 102 662
103 104 595
104 103 595
104 105 268
105 104 268
105 106 993
106 105 993
106 107 610
107 106 610
107 108 844
108 107 844
108 109 819
109 108 819
109 110 325
110 109 325
110 111 765
111 110 765
111 112 78
112 111 78
112 113 730
113 112 730
113 114 846
114 113 846
114 115 146
115 114 146
115 116 104
116 115 104
116 117 484
117 116 484
117 118 871
118 117 871
118 119 889
119 118 889
119 120 214
120 119 214
120 121 161
121 120 161
121 122 216
122 121 216
122 123 466
123 122 466
123 124 833
124 123 833
124 125 321
125 124 321
125 126 139
126 125 139
126 127 278
127 126 278
127 128 537
128 127 537
128 129 756
129 128 756
129 130 210
130 129 210
130 131 960
131 130 960
131 132 115
132 131 115
132 133 167
133 132 167
133 134 973
134 133 973
134 135 709
135 134 709
135 136 434
136 135 434
136 137 966
137 136 966
137 138 318
138 137 318
138 139 278
139 138 278
139 140 136
140 139 136
140 141 995
141 140 995
141 142 394
142 141 394
142 143 213
143 142 213
143 144 724
144 143 724
144 145 591
145 144 591
145 146 710
146 145 710
146 147 179
147 146 179
147 148 74
148 147 74
148 149 932
149 148 932
149 150 67
150 149 67
150 151 640
151 150 640
151 152 445
152 151 445
152 153 282
153 152 282
153 154 105
154 153 105
154 155 277
155 154 277
155 156 955
156 155 955
156 157 243
157 156 243
157 158 906
158 157 906
158 159 843
159 158 843
159 160 998
160 159 998
160 161 468
161 160 468
161 162 802
162 161 802
162 163 464
163 162 464
163 164 634
164 163 634
164 165 774
165 164 774
165 166 173
166 165 173
166 167 420
167 166 420
167 168 91
168 167 91
168 169 842
169 168 842
169 170 49
170 169 49
170 171 226
171 170 226
171 172 836
172 171 836
172 173 442
173 172 442
173 174 790
174 173 790
174 175 911
175 174 911
175 176 33
176 175 33
176 177 852
177 176 852
177 178 89
178 177 89
178 179 106
179 178 106
179 180 783
180 179 783
180 181 156
181 180 156
181 182 745
182 181 745
182 183 579
183 182 579
183 184 789
184 183 789
184 185 202
185 184 202
185 186 856
186 185 856
186 187 95
187 186 95
187 188 444
188 187 444
188 189 113
189 188 113
189 190 937
190 189 937
190 191 794
191 190 794
191 192 580
192 191 580
192 193 90
193 192 90
193 194 257
194 193 257
194 195 566
195 194 566
195 196 216
196 195 216
196 197 781
197 196 781
197 198 985
198 197 985
198 199 306
199 198 306
199 200 975
200 199 975
200 201 33
201 200 33
201 202 884
202 201 884
202 203 810
203 202 810
203 204 826
204 203 826
204 205 25
205 204 25
205 206 73
206 205 73
206 207 858
207 206 858
207 208 876
208 207 876
208 209 161
209 208 161
209 210 316
210 209 316
210 211 11
211 210 11
211 212 668
212 211 668
212 213 412
213 212 412
213 214 589
214 213 589
214 215 457
215 214 457
215 216 613
216 215 613
216 217 796
217 216 796
217 218 903
218 217 903
218 219 409
219 218 409
219 220 909
220 219 909
220 221 192
221 220 192
221 222 202
222 221 202
222 223 488
223 222 488
223 224 281
224 223 281
224 225 810
225 224 810
225 226 405
226 225 405
226 227 496
227 226 496
227 228 943
228 227 943
228 229 389
229 228 389
229 230 154
230 229 154
230 231 917
231 230 917
231 232 773
232 231 773
232 233 37
233 232 37
233 234 78
234 233 78
234 235 599
235 234 599
235 236 413
236 235 413
236 237 150
237 236 150
237 238 808
238 237 808
238 239 289
239 238 289
239 240 311
240 239 311
240 241 123
241 240 123
241 242 651
242 241 651
242 243 978
243 242 978
243 244 887
244 243 887
244 245 239
245 244 239
245 246 786
246 245 786
246 247 499
247 246 499
247 248 35
248 247 35
248 249 41
249 248 41
249 250 259
250 249 259
250 251 295
251 250 295
251 252 232
252 251 232
252 253 812
253 252 812
253 254 782
254 253 782
254 255 512
255 254 512
255 256 622
256 255 622
256 257 187
257 256 187
257 258 360
258 257 360
258 259 564
259 258 564
259 260 927
260 259 927
260 261 513
261 260 513
261 262 832
262 261 832
262 263 700
263 262 700
263 264 549
264 263 549
264 265 909
265 264 909
265 266 650
266 265 650
266 267 313
267 266 313
267 268 59
268 267 59
268 269 457
269 268 457
269 270 953
270 269 953
270 271 721
271 270 721
271 272 932
272 271 932
272 273 603
273 272 603
273 274 50
274 273 50
274 275 818
275 274 818
275 276 194
276 275 194
276 277 188
277 276 188
277 278 668
278 277 668
278 279 580
279 278 580
279 280 228
280 279 228
280 281 279
281 280 279
281 282 874
282 281 874
282 283 459
283 282 459
283 284 90
284 283 90
284 285 655
285 284 655
285 286 322
286 285 322
286 287 711
287 286 711
287 288 193
288 287 193
288 289 681
289 288 681
289 290 626
290 289 626
290 291 472
291 290 472
291 292 545
292 291 545
292 293 809
293 292 809
293 294 171
294 293 171
294 295 445
295 294 445
295 296 718
296 295 718
296 297 820
297 296 820
297 298 758
298 297 758
298 299 128
299 298 128
