0 1 631
1 0 631
1 2 986
2 1 986
2 3 96
3 2 96
3 4 372
4 3 372
4 5 605
5 4 605
5 6 187
6 5 187
6 7 851
7 6 851
7 8 37
8 7 37
8 9 339
9 8 339
9 10 196
10 9 196
10 11 747
11 10 747
11 12 131
12 11 131
12 13 977
13 12 977
13 14 837
14 13 837
14 15 14
15 14 14
15 16 426
16 15 426
16 17 199
17 16 199
17 18 474
18 17 474
18 19 480
19 18 480
19 20 787
20 19 787
20 21 806
21 20 806
21 22 384
22 21 384
22 23 978
23 22 978
23 24 54
24 23 54
24 25 530
25 24 530
25 26 66
26 25 66
26 27 927
27 26 927
27 28 498
28 27 498
28 29 116
29 28 116
29 30 414
30 29 414
30 31 566
31 30 566
31 32 99
32 31 99
32 33 751
33 32 751
33 34 14
34 33 14
34 35 822
35 34 822
35 36 708
36 35 708
36 37 200
37 36 200
37 38 672
38 37 672
38 39 744
39 38 744
39 40 890
40 39 890
40 41 867
41 40 867
41 42 490
42 41 490
42 43 20
43 42 20
43 44 844
44 43 844
44 45 678
45 44 678
45 46 386
46 45 386
46 47 621
47 46 621
47 48 876
48 47 876
48 49 211
49 48 211
49 50 101
50 49 101
50 51 662
51 50 662
51 52 16
52 51 16
52 53 484
53 52 484
53 54 992
54 53 992
54 55 421
55 54 421
55 56 365
56 55 365
56 57 409
57 56 409
57 58 699
58 57 699
58 59 862
59 58 862
59 60 877
60 59 877
60 61 465
61 60 465
61 62 428
62 61 428
62 63 327
63 62 327
63 64 215
64 63 215
64 65 441
65 64 441
65 66 148
66 65 148
66 67 922
67 66 922
67 68 992
68 67 992
68 69 819
69 68 819
69 70 17
70 69 17
70 71 881
71 70 881
71 72 685
72 71 685
72 73 506
73 72 506
73 74 252
74 73 252
74 75 880
75 74 880
75 76 535
76 75 535
76 77 989
77 76 989
77 78 501
78 77 501
78 79 763
79 78 763
79 80 552
80 79 552
80 81 953
81 80 953
81 82 776
82 81 776
82 83 567
83 82 567
83 84 788
84 83 788
84 85 767
85 84 767
85 86 340
86 85 340
86 87 153
87 86 153
87 88 528
88 87 528
88 89 38
89 88 38
89 90 14
90 89 14
90 91 756
91 90 756
91 92 502
92 91 502
92 93 793
93 92 793
93 94 82
94 93 82
94 95 69
95 94 69
95 96 585
96 95 585
96 97 229
97 96 229
97 98 990
98 97 990
98 99 576
99 98 576
99 100 399
100 99 399
100 101 7
101 100 7
101 102 808
102 101 808
102 103 83
103 102 83
103 104 864
104 103 864
104 105 412
105 104 412
105 106 315
106 105 315
106 107 751
107 106 751
107 108 400
108 107 400
108 109 167
109 108 167
109 110 513
110 109 513
110 111 951
111 110 951
111 112 471
112 111 471
112 113 288
113 112 288
113 114 870
114 113 870
114 115 258
115 114 258
115 116 407
116 115 407
116 117 209
117 116 209
117 118 410
118 117 410
118 119 286
119 118 286
119 120 598
120 119 598
120 121 776
121 120 776
121 122 41
122 121 41
122 123 100
123 122 100
123 124 568
124 123 568
124 125 122
125 124 122
125 126 168
126 125 168
126 127 505
127 126 505
127 128 702
128 127 702
128 129 509
129 128 509
129 130 80
130 129 80
130 131 100
131 130 100
131 132 867
132 131 867
132 133 240
133 132 240
133 134 534
134 133 534
134 135 83
135 134 83
135 136 651
136 135 651
136 137 200
137 136 200
137 138 833
138 137 833
138 139 402
139 138 402
139 140 366
140 139 366
140 141 697
141 140 697
141 142 705
142 141 705
142 143 836
143 142 836
143 144 336
144 143 336
144 145 574
145 144 574
145 146 446
146 145 446
146 147 742
147 146 742
147 148 134
148 147 134
148 149 855
149 148 855
149 150 27
150 149 27
150 151 731
151 150 731
151 152 982
152 151 982
152 153 419
153 152 419
153 154 182
154 153 182
154 155 550
155 154 550
155 156 892
156 155 892
156 157 701
157 156 701
157 158 54
158 157 54
158 159 593
159 158 593
159 160 562
160 159 562
160 161 485
161 160 485
161 162 44
162 161 44
162 163 428
163 162 428
163 164 76
164 163 76
164 165 578
165 164 578
165 166 862
166 165 862
166 167 726
167 166 726
167 168 777
168 167 777
168 169 46
169 168 46
169 170 480
170 169 480
170 171 495
171 170 495
171 172 742
172 171 742
172 173 184
173 172 184
173 174 682
174 173 682
174 175 78
175 174 78
175 176 109
176 175 109
176 177 127
177 176 127
177 178 171
178 177 171
178 179 594
179 178 594
179 180 334
180 179 334
180 181 550
181 180 550
181 182 324
182 181 324
182 183 315
183 182 315
183 184 968
184 183 968
184 185 858
185 184 858
185 186 216
186 185 216
186 187 860
187 186 860
187 188 910
188 187 910
188 189 269
189 188 269
189 190 804
190 189 804
190 191 471
191 190 471
191 192 106
192 191 106
192 193 848
193 192 848
193 194 251
194 193 251
194 195 181
195 194 181
195 196 777
196 195 777
196 197 464
197 196 464
197 198 259
198 197 259
198 199 905
199 198 905
199 200 510
200 199 510
200 201 738
201 200 738
201 202 399
202 201 399
202 203 603
203 202 603
203 204 273
204 203 273
204 205 81
205 204 81
205 206 680
206 205 680
206 207 381
207 206 381
207 208 559
208 207 559
208 209 203
209 208 203
209 210 974
210 209 974
210 211 892
211 210 892
211 212 752
212 211 752
212 213 649
213 212 649
213 214 559
214 213 559
214 215 71
215 214 71
215 216 858
216 215 858
216 217 774
217 216 774
217 218 282
218 217 282
218 219 768
219 218 768
219 220 395
220 219 395
220 221 86
221 220 86
221 222 238
222 221 238
222 223 500
223 222 500
223 224 285
224 223 285
224 225 840
225 224 840
225 226 32
226 225 32
226 227 61
227 226 61
227 228 304
228 227 304
228 229 290
229 228 290
229 230 317
230 229 317
230 231 813
231 230 813
231 232 379
232 231 379
232 233 716
233 232 716
233 234 415
234 233 415
234 235 651
235 234 651
235 236 148
236 235 148
236 237 447
237 236 447
237 238 383
238 237 383
238 239 58
239 238 58
239 240 649
240 239 649
240 241 708
241 240 708
241 242 302
242 241 302
242 243 752
243 242 752
243 244 357
244 243 357
244 245 860
245 244 860
245 246 822
246 245 822
246 247 566
247 246 566
247 248 633
248 247 633
248 249 456
249 248 456
249 250 333
250 249 333
250 251 27
251 250 27
251 252 893
252 251 893
252 253 923
253 252 923
253 254 878
254 253 878
254 255 177
255 254 177
255 256 762
256 255 762
256 257 910
257 256 910
257 258 589
258 257 589
258 259 417
259 258 417
259 260 199
260 259 199
260 261 905
261 260 905
261 262 581
262 261 581
262 263 578
263 262 578
263 264 972
264 263 972
264 265 996
265 264 996
265 266 580
266 265 580
266 267 471
267 266 471
267 268 794
268 267 794
268 269 963
269 268 963
269 270 529
270 269 529
270 271 794
271 270 794
271 272 670
272 271 670
272 273 830
273 272 830
273 274 545
274 273 545
274 275 378
275 274 378
275 276 689
276 275 689
276 277 718
277 276 718
277 278 944
278 277 944
278 279 673
279 278 673
279 280 173
280 279 173
280 281 276
281 280 276
281 282 52
282 281 52
282 283 417
283 282 417
283 284 550
284 283 550
284 285 929
285 284 929
285 286 945
286 285 945
286 287 664
287 286 664
287 288 838
288 287 838
288 289 885
289 288 885
289 290 80
290 289 80
290 291 37
291 290 37
291 292 142
292 291 142
292 293 661
293 292 661
293 294 966
294 293 966
294 295 113
295 294 113
295 296 8
296 295 8
296 297 545
297 296 545
297 298 936
298 297 936
298 299 153
299 298 153
299 300 507
300 299 507
300 301 464
301 300 464
301 302 946
302 301 946
302 303 529
303 302 529
303 304 645
304 303 645
304 305 842
305 304 842
305 306 906
306 305 906
306 307 685
307 306 685
307 308 559
308 307 559
308 309 201
309 308 201
309 310 357
310 309 357
310 311 84
311 310 84
311 312 477
312 311 477
312 313 760
313 312 760
313 314 500
314 313 500
314 315 378
315 314 378
315 316 689
316 315 689
316 317 797
317 316 797
317 318 41
318 317 41
318 319 526
319 318 526
319 320 681
320 319 681
320 321 473
321 320 473
321 322 914
322 321 914
322 323 822
323 322 822
323 324 133
324 323 133
324 325 879
325 324 879
325 326 935
326 325 935
326 327 492
327 326 492
327 328 776
328 327 776
328 329 222
329 328 222
329 330 644
330 329 644
330 331 634
331 330 634
331 332 685
332 331 685
332 333 589
333 332 589
333 334 162
334 333 162
334 335 681
335 334 681
335 336 782
336 335 782
336 337 420
337 336 420
337 338 365
338 337 365
338 339 340
339 338 340
339 340 620
340 339 620
340 341 73
341 340 73
341 342 775
342 341 775
342 343 448
343 342 448
343 344 833
344 343 833
344 345 627
345 344 627
345 346 826
346 345 826
346 347 521
347 346 521
347 348 423
348 347 423
348 349 218
349 348 218
349 350 398
350 349 398
350 351 103
351 350 103
351 352 690
352 351 690
352 353 312
353 352 312
353 354 925
354 353 925
354 355 174
355 354 174
355 356 542
356 355 542
356 357 211
357 356 211
357 358 17
358 357 17
358 359 317
359 358 317
359 360 784
360 359 784
360 361 660
361 360 660
361 362 303
362 361 303
362 363 468
363 362 468
363 364 600
364 363 600
364 365 464
365 364 464
365 366 500
366 365 500
366 367 381
367 366 381
367 368 235
368 367 235
368 369 216
369 368 216
369 370 73
370 369 73
370 371 855
371 370 855
371 372 288
372 371 288
372 373 847
373 372 847
373 374 654
374 373 654
374 375 472
375 374 472
375 376 825
376 375 825
376 377 831
377 376 831
377 378 344
378 377 344
378 379 247
379 378 247
379 380 49
380 379 49
380 381 742
381 380 742
381 382 702
382 381 702
382 383 90
383 382 90
383 384 405
384 383 405
384 385 978
385 384 978
385 386 616
386 385 616
386 387 298
387 386 298
387 388 540
388 387 540
388 389 632
389 388 632
389 390 615
390 389 615
390 391 323
391 390 323
391 392 644
392 391 644
392 393 269
393 392 269
393 394 142
394 393 142
394 395 243
395 394 243
395 396 732
396 395 732
396 397 641
397 396 641
397 398 976
398 397 976
398 399 319
399 398 319
399 400 856
400 399 856
400 401 400
401 400 400
401 402 173
402 401 173
402 403 495
403 402 495
403 404 598
404 403 598
404 405 178
405 404 178
405 406 967
406 405 967
406 407 423
407 406 423
407 408 9
408 407 9
408 409 662
409 408 662
409 410 21
410 409 21
410 411 409
411 410 409
411 412 755
412 411 755
412 413 722
413 412 722
413 414 498
414 413 498
414 415 159
415 414 159
415 416 51
416 415 51
416 417 113
417 416 113
417 418 809
418 417 809
418 419 590
419 418 590
419 420 97
420 419 97
420 421 775
421 420 775
421 422 912
422 421 912
422 423 740
423 422 740
423 424 43
424 423 43
424 425 53
425 424 53
425 426 334
426 425 334
426 427 774
427 426 774
427 428 45
428 427 45
428 429 661
429 428 661
429 430 444
430 429 444
430 431 900
431 430 900
431 432 60
432 431 60
432 433 616
433 432 616
433 434 747
434 433 747
434 435 658
435 434 658
435 436 146
436 435 146
436 437 713
437 436 713
437 438 80
438 437 80
438 439 154
439 438 154
439 440 374
440 439 374
440 441 100
441 440 100
441 442 562
442 441 562
442 443 481
443 442 481
443 444 174
444 443 174
444 445 411
445 444 411
445 446 639
446 445 639
446 447 224
447 446 224
447 448 524
448 447 524
448 449 447
449 448 447
449 450 814
450 449 814
450 451 972
451 450 972
451 452 221
452 451 221
452 453 77
453 452 77
453 454 711
454 453 711
454 455 615
455 454 615
455 456 482
456 455 482
456 457 44
457 456 44
457 458 389
458 457 389
458 459 526
459 458 526
459 460 57
460 459 57
460 461 184
461 460 184
461 462 778
462 461 778
462 463 116
463 462 116
463 464 152
464 463 152
464 465 524
465 464 524
465 466 773
466 465 773
466 467 297
467 466 297
467 468 588
468 467 588
468 469 204
469 468 204
469 470 450
470 469 450
470 471 313
471 470 313
471 472 656
472 471 656
472 473 363
473 472 363
473 474 793
474 473 793
474 475 829
475 474 829
475 476 773
476 475 773
476 477 784
477 476 784
477 478 404
478 477 404
478 479 648
479 478 648
479 480 582
480 479 582
480 481 217
481 480 217
481 482 619
482 481 619
482 483 155
483 482 155
483 484 646
484 483 646
484 485 329
485 484 329
485 486 769
486 485 769
486 487 127
487 486 127
487 488 725
488 487 725
488 489 509
489 488 509
489 490 4
490 489 4
490 491 781
491 490 781
491 492 693
492 491 693
492 493 133
493 492 133
493 494 248
494 493 248
494 495 844
495 494 844
495 496 8
496 495 8
496 497 21
497 496 21
497 498 140
498 497 140
498 499 595
499 498 595
499 500 576
500 499 576
500 501 941
501 500 941
501 502 260
502 501 260
502 503 231
503 502 231
503 504 303
504 503 303
504 505 52
505 504 52
505 506 59
506 505 59
506 507 75
507 506 75
507 508 187
508 507 187
508 509 463
509 508 463
509 510 723
510 509 723
510 511 769
511 510 769
511 512 31
512 511 31
512 513 693
513 512 693
513 514 923
514 513 923
514 515 28
515 514 28
515 516 374
516 515 374
516 517 43
517 516 43
517 518 506
518 517 506
518 519 98
519 518 98
519 520 552
520 519 552
520 521 510
521 520 510
521 522 230
522 521 230
522 523 596
523 522 596
523 524 994
524 523 994
524 525 829
525 524 829
525 526 439
526 525 439
526 527 2
527 526 2
527 528 201
528 527 201
528 529 930
529 528 930
529 530 596
530 529 596
530 531 777
531 530 777
531 532 870
532 531 870
532 533 855
533 532 855
533 534 7
534 533 7
534 535 524
535 534 524
535 536 259
536 535 259
536 537 418
537 536 418
537 538 598
538 537 598
538 539 445
539 538 445
539 540 880
540 539 880
540 541 672
541 540 672
541 542 213
542 541 213
542 543 262
543 542 262
543 544 365
544 543 365
544 545 487
545 544 487
545 546 642
546 545 642
546 547 738
547 546 738
547 548 882
548 547 882
548 549 147
549 548 147
549 550 187
550 549 187
550 551 433
551 550 433
551 552 656
552 551 656
552 553 768
553 552 768
553 554 28
554 553 28
554 555 2
555 554 2
555 556 948
556 555 948
556 557 818
557 556 818
557 558 3
558 557 3
558 559 149
559 558 149
559 560 747
560 559 747
560 561 950
561 560 950
561 562 925
562 561 925
562 563 968
563 562 968
563 564 805
564 563 805
564 565 931
565 564 931
565 566 491
566 565 491
566 567 415
567 566 415
567 568 348
568 567 348
568 569 440
569 568 440
569 570 859
570 569 859
570 571 579
571 570 579
571 572 112
572 571 112
572 573 424
573 572 424
573 574 193
574 573 193
574 575 828
575 574 828
575 576 262
576 575 262
576 577 834
577 576 834
577 578 917
578 577 917
578 579 143
579 578 143
579 580 980
580 579 980
580 581 455
581 580 455
581 582 927
582 581 927
582 583 988
583 582 988
583 584 574
584 583 574
584 585 306
585 584 306
585 586 989
586 585 989
586 587 521
587 586 521
587 588 123
588 587 123
588 589 343
589 588 343
589 590 669
590 589 669
590 591 221
591 590 221
591 592 292
592 591 292
592 593 593
593 592 593
593 594 540
594 593 540
594 595 448
595 594 448
595 596 876
596 595 876
596 597 30
597 596 30
597 598 862
598 597 862
598 599 223
599 598 223
599 600 470
600 599 470
600 601 73
601 600 73
601 602 154
602 601 154
602 603 933
603 602 933
603 604 848
604 603 848
604 605 346
605 604 346
605 606 112
606 605 112
606 607 109
607 606 109
607 608 531
608 607 531
608 609 380
609 608 380
609 610 604
610 609 604
610 611 510
611 610 510
611 612 834
612 611 834
612 613 530
613 612 530
613 614 497
614 613 497
614 615 759
615 614 759
615 616 188
616 615 188
616 617 837
617 616 837
617 618 279
618 617 279
618 619 662
619 618 662
619 620 179
620 619 179
620 621 300
621 620 300
621 622 883
622 621 883
622 623 471
623 622 471
623 624 244
624 623 244
624 625 774
625 624 774
625 626 918
626 625 918
626 627 119
627 626 119
627 628 804
628 627 804
628 629 132
629 628 132
629 630 694
630 629 694
630 631 625
631 630 625
631 632 204
632 631 204
632 633 199
633 632 199
633 634 909
634 633 909
634 635 51
635 634 51
635 636 896
636 635 896
636 637 372
637 636 372
637 638 511
638 637 511
638 639 426
639 638 426
639 640 751
640 639 751
640 641 114
641 640 114
641 642 935
642 641 935
642 643 936
643 642 936
643 644 996
644 643 996
644 645 784
645 644 784
645 646 46
646 645 46
646 647 183
647 646 183
647 648 620
648 647 620
648 649 324
649 648 324
649 650 196
650 649 196
650 651 151
651 650 151
651 652 975
652 651 975
652 653 78
653 652 78
653 654 973
654 653 973
654 655 571
655 654 571
655 656 204
656 655 204
656 657 890
657 656 890
657 658 689
658 657 689
658 659 7
659 658 7
659 660 373
660 659 373
660 661 734
661 660 734
661 662 983
662 661 983
662 663 576
663 662 576
663 664 932
664 663 932
664 665 243
665 664 243
665 666 978
666 665 978
666 667 827
667 666 827
667 668 614
668 667 614
668 669 489
669 668 489
669 670 252
670 669 252
670 671 716
671 670 716
671 672 954
672 671 954
672 673 539
673 672 539
673 674 3
674 673 3
674 675 301
675 674 301
675 676 322
676 675 322
676 677 48
677 676 48
677 678 835
678 677 835
678 679 293
679 678 293
679 680 723
680 679 723
680 681 31
681 680 31
681 682 795
682 681 795
682 683 698
683 682 698
683 684 460
684 683 460
684 685 767
685 684 767
685 686 268
686 685 268
686 687 663
687 686 663
687 688 9
688 687 9
688 689 308
689 688 308
689 690 21
690 689 21
690 691 381
691 690 381
691 692 394
692 691 394
692 693 3
693 692 3
693 694 309
694 693 309
694 695 677
695 694 677
695 696 597
696 695 597
696 697 286
697 696 286
697 698 504
698 697 504
698 699 210
699 698 210
699 700 126
700 699 126
700 701 107
701 700 107
701 702 277
702 701 277
702 703 80
703 702 80
703 704 997
704 703 997
704 705 279
705 704 279
705 706 380
706 705 380
706 707 670
707 706 670
707 708 326
708 707 326
708 709 215
709 708 215
709 710 315
710 709 315
710 711 49
711 710 49
711 712 597
712 711 597
712 713 109
713 712 109
713 714 98
714 713 98
714 715 56
715 714 56
715 716 228
716 715 228
716 717 717
717 716 717
717 718 719
718 717 719
718 719 236
719 718 236
719 720 24
720 719 24
720 721 739
721 720 739
721 722 616
722 721 616
722 723 417
723 722 417
723 724 94
724 723 94
724 725 276
725 724 276
725 726 446
726 725 446
726 727 690
727 726 690
727 728 562
728 727 562
728 729 301
729 728 301
729 730 900
730 729 900
730 731 39
731 730 39
731 732 759
732 731 759
732 733 528
733 732 528
733 734 470
734 733 470
734 735 756
735 734 756
735 736 807
736 735 807
736 737 202
737 736 202
737 738 425
738 737 425
738 739 484
739 738 484
739 740 768
740 739 768
740 741 91
741 740 91
741 742 532
742 741 532
742 743 364
743 742 364
743 744 200
744 743 200
744 745 981
745 744 981
745 746 419
746 745 419
746 747 427
747 746 427
747 748 697
748 747 697
748 749 137
749 748 137
749 750 14
750 749 14
750 751 73
751 750 73
751 752 228
752 751 228
752 753 629
753 752 629
753 754 841
754 753 841
754 755 321
755 754 321
755 756 257
756 755 257
756 757 286
757 756 286
757 758 10
758 757 10
758 759 818
759 758 818
759 760 586
760 759 586
760 761 261
761 760 261
761 762 208
762 761 208
762 763 345
763 762 345
763 764 789
764 763 789
764 765 678
765 764 678
765 766 100
766 765 100
766 767 947
767 766 947
767 768 879
768 767 879
768 769 876
769 768 876
769 770 430
770 769 430
770 771 646
771 770 646
771 772 967
772 771 967
772 773 962
773 772 962
773 774 9
774 773 9
774 775 518
775 774 518
775 776 294
776 775 294
776 777 779
777 776 779
777 778 296
778 777 296
778 779 991
779 778 991
779 780 916
780 779 916
780 781 309
781 780 309
781 782 63
782 781 63
782 783 495
783 782 495
783 784 289
784 783 289
784 785 903
785 784 903
785 786 815
786 785 815
786 787 545
787 786 545
787 788 541
788 787 541
788 789 824
789 788 824
789 790 714
790 789 714
790 791 126
791 790 126
791 792 437
792 791 437
792 793 922
793 792 922
793 794 470
794 793 470
794 795 225
795 794 225
795 796 951
796 795 951
796 797 921
797 796 921
797 798 171
798 797 171
798 799 829
799 798 829
799 800 149
800 799 149
800 801 600
801 800 600
801 802 826
802 801 826
802 803 467
803 802 467
803 804 913
804 803 913
804 805 186
805 804 186
805 806 984
806 805 984
806 807 207
807 806 207
807 808 964
808 807 964
808 809 631
809 808 631
809 810 549
810 809 549
810 811 231
811 810 231
811 812 939
812 811 939
812 813 611
813 812 611
813 814 725
814 813 725
814 815 579
815 814 579
815 816 865
816 815 865
816 817 891
817 816 891
817 818 476
818 817 476
818 819 405
819 818 405
819 820 715
820 819 715
820 821 541
821 820 541
821 822 531
822 821 531
822 823 503
823 822 503
823 824 814
824 823 814
824 825 352
825 824 352
825 826 727
826 825 727
826 827 764
827 826 764
827 828 273
828 827 273
828 829 249
829 828 249
829 830 944
830 829 944
830 831 773
831 830 773
831 832 200
832 831 200
832 833 769
833 832 769
833 834 239
834 833 239
834 835 465
835 834 465
835 836 306
836 835 306
836 837 222
837 836 222
837 838 23
838 837 23
838 839 270
839 838 270
839 840 204
840 839 204
840 841 571
841 840 571
841 842 852
842 841 852
842 843 494
843 842 494
843 844 533
844 843 533
844 845 577
845 844 577
845 846 72
846 845 72
846 847 397
847 846 397
847 848 819
848 847 819
848 849 899
849 848 899
849 850 154
850 849 154
850 851 533
851 850 533
851 852 440
852 851 440
852 853 36
853 852 36
853 854 35
854 853 35
854 855 253
855 854 253
855 856 387
856 855 387
856 857 113
857 856 113
857 858 369
858 857 369
858 859 11
859 858 11
859 860 713
860 859 713
860 861 664
861 860 664
861 862 783
862 861 783
862 863 913
863 862 913
863 864 785
864 863 785
864 865 373
865 864 373
865 866 729
866 865 729
866 867 90
867 866 90
867 868 594
868 867 594
868 869 751
869 868 751
869 870 711
870 869 711
870 871 797
871 870 797
871 872 321
872 871 321
872 873 563
873 872 563
873 874 642
874 873 642
874 875 853
875 874 853
875 876 491
876 875 491
876 877 714
877 876 714
877 878 601
878 877 601
878 879 309
879 878 309
879 880 964
880 879 964
880 881 754
881 880 754
881 882 194
882 881 194
882 883 403
883 882 403
883 884 141
884 883 141
884 885 580
885 884 580
885 886 8
886 885 8
886 887 528
887 886 528
887 888 693
888 887 693
888 889 728
889 888 728
889 890 890
890 889 890
890 891 757
891 890 757
891 892 391
892 891 391
892 893 25
893 892 25
893 894 669
894 893 669
894 895 175
895 894 175
895 896 397
896 895 397
896 897 749
897 896 749
897 898 265
898 897 265
898 899 343
899 898 343
899 900 499
900 899 499
900 901 327
901 900 327
901 902 491
902 901 491
902 903 171
903 902 171
903 904 889
904 903 889
904 905 133
905 904 133
905 906 23
906 905 23
906 907 731
907 906 731
907 908 198
908 907 198
908 909 976
909 908 976
909 910 40
910 909 40
910 911 161
911 910 161
911 912 81
912 911 81
912 913 233
913 912 233
913 914 916
914 913 916
914 915 222
915 914 222
915 916 164
916 915 164
916 917 275
917 916 275
917 918 101
918 917 101
918 919 856
919 918 856
919 920 2
920 919 2
920 921 342
921 920 342
921 922 613
922 921 613
922 923 744
923 922 744
923 924 366
924 923 366
924 925 633
925 924 633
925 926 271
926 925 271
926 927 115
927 926 115
927 928 734
928 927 734
928 929 887
929 928 887
929 930 809
930 929 809
930 931 232
931 930 232
931 932 213
932 931 213
932 933 651
933 932 651
933 934 403
934 933 403
934 935 102
935 934 102
935 936 135
936 935 135
936 937 777
937 936 777
937 938 832
938 937 832
938 939 332
939 938 332
939 940 752
940 939 752
940 941 223
941 940 223
941 942 845
942 941 845
942 943 185
943 942 185
943 944 807
944 943 807
944 945 112
945 944 112
945 946 406
946 945 406
946 947 971
947 946 971
947 948 386
948 947 386
948 949 506
949 948 506
949 950 178
950 949 178
950 951 739
951 950 739
951 952 847
952 951 847
952 953 790
953 952 790
953 954 834
954 953 834
954 955 565
955 954 565
955 956 775
956 955 775
956 957 104
957 956 104
957 958 31
958 957 31
958 959 860
959 958 860
959 960 990
960 959 990
960 961 839
961 960 839
961 962 91
962 961 91
962 963 203
963 962 203
963 964 489
964 963 489
964 965 845
965 964 845
965 966 656
966 965 656
966 967 624
967 966 624
967 968 622
968 967 622
968 969 839
969 968 839
969 970 307
970 969 307
970 971 725
971 970 725
971 972 62
972 971 62
972 973 503
973 972 503
973 974 909
974 973 909
974 975 868
975 974 868
975 976 614
976 975 614
976 977 314
977 976 314
977 978 838
978 977 838
978 979 351
979 978 351
979 980 171
980 979 171
980 981 16
981 980 16
981 982 441
982 981 441
982 983 18
983 982 18
983 984 157
984 983 157
984 985 275
985 984 275
985 986 934
986 985 934
986 987 283
987 986 283
987 988 378
988 987 378
988 989 964
989 988 964
989 990 142
990 989 142
990 991 720
991 990 720
991 992 802
992 991 802
992 993 585
993 992 585
993 994 922
994 993 922
994 995 642
995 994 642
995 996 429
996 995 429
996 997 929
997 996 929
997 998 617
998 997 617
998 999 402
999 998 402
