0 1 732
1 0 732
1 2 616
2 1 616
2 3 140
3 2 140
3 4 8
4 3 8
4 5 987
5 4 987
5 6 663
6 5 663
6 7 35
7 6 35
7 8 57
8 7 57
8 9 320
9 8 320
9 10 666
10 9 666
10 11 331
11 10 331
11 12 628
12 11 628
12 13 85
13 12 85
13 14 379
14 13 379
14 15 600
15 14 600
15 16 262
16 15 262
16 17 113
17 16 113
17 18 308
18 17 308
18 19 147
19 18 147
19 20 677
20 19 677
20 21 149
21 20 149
21 22 431
22 21 431
22 23 922
23 22 922
23 24 862
24 23 862
24 25 925
25 24 925
25 26 345
26 25 345
26 27 929
27 26 929
27 28 794
28 27 794
28 29 815
29 28 815
29 30 879
30 29 879
30 31 590
31 30 590
31 32 898
32 31 898
32 33 847
33 32 847
33 34 730
34 33 730
34 35 257
35 34 257
35 36 185
36 35 185
36 37 744
37 36 744
37 38 643
38 37 643
38 39 241
39 38 241
39 40 64
40 39 64
40 41 309
41 40 309
41 42 923
42 41 923
42 43 43
43 42 43
43 44 745
44 43 745
44 45 302
45 44 302
45 46 642
46 45 642
46 47 6
47 46 6
47 48 766
48 47 766
48 49 950
49 48 950
49 50 152
50 49 152
50 51 442
51 50 442
51 52 450
52 51 450
52 53 934
53 52 934
53 54 715
54 53 715
54 55 663
55 54 663
55 56 859
56 55 859
56 57 411
57 56 411
57 58 591
58 57 591
58 59 4
59 58 4
59 60 577
60 59 577
60 61 822
61 60 822
61 62 945
62 61 945
62 63 474
63 62 474
63 64 668
64 63 668
64 65 674
65 64 674
65 66 83
66 65 83
66 67 852
67 66 852
67 68 418
68 67 418
68 69 725
69 68 725
69 70 444
70 69 444
70 71 833
71 70 833
71 72 385
72 71 385
72 73 367
73 72 367
73 74 875
74 73 875
74 75 129
75 74 129
75 76 20
76 75 20
76 77 517
77 76 517
77 78 486
78 77 486
78 79 785
79 78 785
79 80 466
80 79 466
80 81 637
81 80 637
81 82 579
82 81 579
82 83 267
83 82 267
83 84 923
84 83 923
84 85 645
85 84 645
85 86 930
86 85 930
86 87 133
87 86 133
87 88 56
88 87 56
88 89 872
89 88 872
89 90 136
90 89 136
90 91 984
91 90 984
91 92 693
92 91 693
92 93 80
93 92 80
93 94 458
94 93 458
94 95 360
95 94 360
95 96 106
96 95 106
96 97 892
97 96 892
97 98 563
98 97 563
98 99 875
99 98 875
99 100 616
100 99 616
100 101 359
101 100 359
101 102 707
102 101 707
102 103 1
103 102 1
103 104 725
104 103 725
104 105 581
105 104 581
105 106 481
106 105 481
106 107 96
107 106 96
107 108 97
108 107 97
108 109 967
109 108 967
109 110 232
110 109 232
110 111 914
111 110 914
111 112 955
112 111 955
112 113 810
113 112 810
113 114 181
114 113 181
114 115 877
115 114 877
115 116 455
116 115 455
116 117 462
117 116 462
117 118 9
118 117 9
118 119 862
119 118 862
119 120 333
120 119 333
120 121 496
121 120 496
121 122 845
122 121 845
122 123 26
123 122 26
123 124 928
124 123 928
124 125 654
125 124 654
125 126 737
126 125 737
126 127 33
127 126 33
127 128 545
128 127 545
128 129 652
129 128 652
129 130 259
130 129 259
130 131 513
131 130 513
131 132 10
132 131 10
132 133 965
133 132 965
133 134 513
134 133 513
134 135 86
135 134 86
135 136 545
136 135 545
136 137 345
137 136 345
137 138 181
138 137 181
138 139 994
139 138 994
139 140 311
140 139 311
140 141 412
141 140 412
141 142 907
142 141 907
142 143 618
143 142 618
143 144 574
144 143 574
144 145 439
145 144 439
145 146 494
146 145 494
146 147 380
147 146 380
147 148 252
148 147 252
148 149 855
149 148 855
149 150 593
150 149 593
150 151 585
151 150 585
151 152 350
152 151 350
152 153 437
153 152 437
153 154 962
154 153 962
154 155 277
155 154 277
155 156 443
156 155 443
156 157 50
157 156 50
157 158 661
158 157 661
158 159 987
159 158 987
159 160 701
160 159 701
160 161 919
161 160 919
161 162 851
162 161 851
162 163 710
163 162 710
163 164 235
164 163 235
164 165 363
165 164 363
165 166 795
166 165 795
166 167 780
167 166 780
167 168 60
168 167 60
168 169 975
169 168 975
169 170 773
170 169 773
170 171 370
171 170 370
171 172 739
172 171 739
172 173 31
173 172 31
173 174 339
174 173 339
174 175 664
175 174 664
175 176 470
176 175 470
176 177 833
177 176 833
177 178 395
178 177 395
178 179 721
179 178 721
179 180 39
180 179 39
180 181 987
181 180 987
181 182 657
182 181 657
182 183 388
183 182 388
183 184 775
184 183 775
184 185 970
185 184 970
185 186 17
186 185 17
186 187 217
187 186 217
187 188 20
188 187 20
188 189 29
189 188 29
189 190 556
190 189 556
190 191 720
191 190 720
191 192 300
192 191 300
192 193 406
193 192 406
193 194 430
194 193 430
194 195 534
195 194 534
195 196 121
196 195 121
196 197 224
197 196 224
197 198 313
198 197 313
198 199 180
199 198 180
199 200 551
200 199 551
200 201 437
201 200 437
201 202 901
202 201 901
202 203 641
203 202 641
203 204 468
204 203 468
204 205 240
205 204 240
205 206 656
206 205 656
206 207 289
207 206 289
207 208 424
208 207 424
208 209 50
209 208 50
209 210 361
210 209 361
210 211 462
211 210 462
211 212 388
212 211 388
212 213 370
213 212 370
213 214 201
214 213 201
214 215 162
215 214 162
215 216 339
216 215 339
216 217 217
217 216 217
217 218 731
218 217 731
218 219 358
219 218 358
219 220 598
220 219 598
220 221 286
221 220 286
221 222 78
222 221 78
222 223 897
223 222 897
223 224 43
224 223 43
224 225 859
225 224 859
225 226 430
226 225 430
226 227 515
227 226 515
227 228 82
228 227 82
228 229 95
229 228 95
229 230 694
230 229 694
230 231 984
231 230 984
231 232 531
232 231 531
232 233 947
233 232 947
233 234 976
234 233 976
234 235 350
235 234 350
235 236 538
236 235 538
236 237 631
237 236 631
237 238 990
238 237 990
238 239 961
239 238 961
239 240 32
240 239 32
240 241 351
241 240 351
241 242 774
242 241 774
242 243 419
243 242 419
243 244 720
244 243 720
244 245 974
245 244 974
245 246 933
246 245 933
246 247 58
247 246 58
247 248 543
248 247 543
248 249 663
249 248 663
249 250 768
250 249 768
250 251 140
251 250 140
251 252 300
252 251 300
252 253 845
253 252 845
253 254 36
254 253 36
254 255 694
255 254 694
255 256 703
256 255 703
256 257 817
257 256 817
257 258 209
258 257 209
258 259 136
259 258 136
259 260 911
260 259 911
260 261 254
261 260 254
261 262 472
262 261 472
262 263 794
263 262 794
263 264 200
264 263 200
264 265 799
265 264 799
265 266 143
266 265 143
266 267 89
267 266 89
267 268 430
268 267 430
268 269 133
269 268 133
269 270 49
270 269 49
270 271 813
271 270 813
271 272 835
272 271 835
272 273 174
273 272 174
273 274 584
274 273 584
274 275 554
275 274 554
275 276 148
276 275 148
276 277 516
277 276 516
277 278 963
278 277 963
278 279 42
279 278 42
279 280 530
280 279 530
280 281 730
281 280 730
281 282 181
282 281 181
282 283 829
283 282 829
283 284 926
284 283 926
284 285 568
285 284 568
285 286 874
286 285 874
286 287 980
287 286 980
287 288 384
288 287 384
288 289 82
289 288 82
289 290 468
290 289 468
290 291 295
291 290 295
291 292 336
292 291 336
292 293 291
293 292 291
293 294 88
294 293 88
294 295 887
295 294 887
295 296 89
296 295 89
296 297 582
297 296 582
297 298 976
298 297 976
298 299 870
299 298 870
299 300 66
300 299 66
300 301 376
301 300 376
301 302 683
302 301 683
302 303 900
303 302 900
303 304 550
304 303 550
304 305 618
305 304 618
305 306 805
306 305 805
306 307 49
307 306 49
307 308 133
308 307 133
308 309 768
309 308 768
309 310 90
310 309 90
310 311 14
311 310 14
311 312 849
312 311 849
312 313 622
313 312 622
313 314 194
314 313 194
314 315 127
315 314 127
315 316 189
316 315 189
316 317 67
317 316 67
317 318 458
318 317 458
318 319 924
319 318 924
319 320 149
320 319 149
320 321 925
321 320 925
321 322 570
322 321 570
322 323 836
323 322 836
323 324 567
324 323 567
324 325 9
325 324 9
325 326 722
326 325 722
326 327 656
327 326 656
327 328 591
328 327 591
328 329 697
329 328 697
329 330 877
330 329 877
330 331 656
331 330 656
331 332 425
332 331 425
332 333 911
333 332 911
333 334 556
334 333 556
334 335 326
335 334 326
335 336 528
336 335 528
336 337 360
337 336 360
337 338 374
338 337 374
338 339 12
339 338 12
339 340 479
340 339 479
340 341 815
341 340 815
341 342 25
342 341 25
342 343 680
343 342 680
343 344 436
344 343 436
344 345 218
345 344 218
345 346 806
346 345 806
346 347 976
347 346 976
347 348 285
348 347 285
348 349 615
349 348 615
349 350 251
350 349 251
350 351 433
351 350 433
351 352 540
352 351 540
352 353 821
353 352 821
353 354 620
354 353 620
354 355 106
355 354 106
355 356 829
356 355 829
356 357 341
357 356 341
357 358 113
358 357 113
358 359 419
359 358 419
359 360 390
360 359 390
360 361 990
361 360 990
361 362 427
362 361 427
362 363 814
363 362 814
363 364 252
364 363 252
364 365 334
365 364 334
365 366 139
366 365 139
366 367 780
367 366 780
367 368 45
368 367 45
368 369 864
369 368 864
369 370 791
370 369 791
370 371 524
371 370 524
371 372 678
372 371 678
372 373 816
373 372 816
373 374 555
374 373 555
374 375 465
375 374 465
375 376 33
376 375 33
376 377 712
377 376 712
377 378 792
378 377 792
378 379 669
379 378 669
379 380 326
380 379 326
380 381 42
381 380 42
381 382 453
382 381 453
382 383 865
383 382 865
383 384 214
384 383 214
384 385 72
385 384 72
385 386 323
386 385 323
386 387 43
387 386 43
387 388 413
388 387 413
388 389 787
389 388 787
389 390 813
390 389 813
390 391 154
391 390 154
391 392 128
392 391 128
392 393 239
393 392 239
393 394 319
394 393 319
394 395 380
395 394 380
395 396 924
396 395 924
396 397 809
397 396 809
397 398 159
398 397 159
398 399 969
399 398 969
399 400 672
400 399 672
400 401 301
401 400 301
401 402 844
402 401 844
402 403 701
403 402 701
403 404 116
404 403 116
404 405 398
405 404 398
405 406 517
406 405 517
406 407 501
407 406 501
407 408 109
408 407 109
408 409 660
409 408 660
409 410 169
410 409 169
410 411 434
411 410 434
411 412 701
412 411 701
412 413 974
413 412 974
413 414 651
414 413 651
414 415 915
415 414 915
415 416 45
416 415 45
416 417 325
417 416 325
417 418 309
418 417 309
418 419 809
419 418 809
419 420 111
420 419 111
420 421 121
421 420 121
421 422 962
422 421 962
422 423 591
423 422 591
423 424 712
424 423 712
424 425 632
425 424 632
425 426 970
426 425 970
426 427 635
427 426 635
427 428 440
428 427 440
428 429 480
429 428 480
429 430 955
430 429 955
430 431 463
431 430 463
431 432 780
432 431 780
432 433 798
433 432 798
433 434 163
434 433 163
434 435 248
435 434 248
435 436 195
436 435 195
436 437 31
437 436 31
437 438 100
438 437 100
438 439 655
439 438 655
439 440 690
440 439 690
440 441 620
441 440 620
441 442 441
442 441 441
442 443 391
443 442 391
443 444 593
444 443 593
444 445 91
445 444 91
445 446 657
446 445 657
446 447 638
447 446 638
447 448 767
448 447 767
448 449 317
449 448 317
449 450 798
450 449 798
450 451 229
451 450 229
451 452 789
452 451 789
452 453 760
453 452 760
453 454 819
454 453 819
454 455 500
455 454 500
455 456 743
456 455 743
456 457 140
457 456 140
457 458 487
458 457 487
458 459 183
459 458 183
459 460 619
460 459 619
460 461 441
461 460 441
461 462 645
462 461 645
462 463 751
463 462 751
463 464 239
464 463 239
464 465 808
465 464 808
465 466 998
466 465 998
466 467 785
467 466 785
467 468 190
468 467 190
468 469 97
469 468 97
469 470 440
470 469 440
470 471 880
471 470 880
471 472 716
472 471 716
472 473 880
473 472 880
473 474 622
474 473 622
474 475 309
475 474 309
475 476 322
476 475 322
476 477 630
477 476 630
477 478 298
478 477 298
478 479 88
479 478 88
479 480 946
480 479 946
480 481 95
481 480 95
481 482 668
482 481 668
482 483 734
483 482 734
483 484 206
484 483 206
484 485 487
485 484 487
485 486 586
486 485 586
486 487 949
487 486 949
487 488 626
488 487 626
488 489 72
489 488 72
489 490 131
490 489 131
490 491 245
491 490 245
491 492 864
492 491 864
492 493 127
493 492 127
493 494 347
494 493 347
494 495 454
495 494 454
495 496 286
496 495 286
496 497 344
497 496 344
497 498 239
498 497 239
498 499 476
499 498 476
499 500 792
500 499 792
500 501 30
501 500 30
501 502 355
502 501 355
502 503 507
503 502 507
503 504 261
504 503 261
504 505 976
505 504 976
505 506 167
506 505 167
506 507 934
507 506 934
507 508 957
508 507 957
508 509 816
509 508 816
509 510 373
510 509 373
510 511 902
511 510 902
511 512 911
512 511 911
512 513 40
513 512 40
513 514 635
514 513 635
514 515 468
515 514 468
515 516 526
516 515 526
516 517 220
517 516 220
517 518 768
518 517 768
518 519 504
519 518 504
519 520 643
520 519 643
520 521 250
521 520 250
521 522 100
522 521 100
522 523 507
523 522 507
523 524 377
524 523 377
524 525 446
525 524 446
525 526 960
526 525 960
526 527 662
527 526 662
527 528 789
528 527 789
528 529 550
529 528 550
529 530 489
530 529 489
530 531 580
531 530 580
531 532 931
532 531 931
532 533 195
533 532 195
533 534 438
534 533 438
534 535 543
535 534 543
535 536 170
536 535 170
536 537 957
537 536 957
537 538 476
538 537 476
538 539 126
539 538 126
539 540 772
540 539 772
540 541 200
541 540 200
541 542 379
542 541 379
542 543 34
543 542 34
543 544 240
544 543 240
544 545 366
545 544 366
545 546 854
546 545 854
546 547 117
547 546 117
547 548 937
548 547 937
548 549 621
549 548 621
549 550 620
550 549 620
550 551 580
551 550 580
551 552 871
552 551 871
552 553 719
553 552 719
553 554 438
554 553 438
554 555 599
555 554 599
555 556 516
556 555 516
556 557 749
557 556 749
557 558 612
558 557 612
558 559 304
559 558 304
559 560 651
560 559 651
560 561 101
561 560 101
561 562 235
562 561 235
562 563 581
563 562 581
563 564 295
564 563 295
564 565 25
565 564 25
565 566 476
566 565 476
566 567 817
567 566 817
567 568 981
568 567 981
568 569 951
569 568 951
569 570 294
570 569 294
570 571 104
571 570 104
571 572 503
572 571 503
572 573 673
573 572 673
573 574 490
574 573 490
574 575 742
575 574 742
575 576 38
576 575 38
576 577 343
577 576 343
577 578 858
578 577 858
578 579 974
579 578 974
579 580 963
580 579 963
580 581 478
581 580 478
581 582 905
582 581 905
582 583 185
583 582 185
583 584 548
584 583 548
584 585 342
585 584 342
585 586 783
586 585 783
586 587 64
587 586 64
587 588 91
588 587 91
588 589 395
589 588 395
589 590 719
590 589 719
590 591 741
591 590 741
591 592 847
592 591 847
592 593 306
593 592 306
593 594 673
594 593 673
594 595 141
595 594 141
595 596 330
596 595 330
596 597 148
597 596 148
597 598 309
598 597 309
598 599 662
599 598 662
599 600 451
600 599 451
600 601 603
601 600 603
601 602 765
602 601 765
602 603 953
603 602 953
603 604 627
604 603 627
604 605 254
605 604 254
605 606 46
606 605 46
606 607 16
607 606 16
607 608 948
608 607 948
608 609 903
609 608 903
609 610 989
610 609 989
610 611 263
611 610 263
611 612 732
612 611 732
612 613 246
613 612 246
613 614 447
614 613 447
614 615 632
615 614 632
615 616 587
616 615 587
616 617 582
617 616 582
617 618 47
618 617 47
618 619 29
619 618 29
619 620 328
620 619 328
620 621 765
621 620 765
621 622 121
622 621 121
622 623 174
623 622 174
623 624 70
624 623 70
624 625 794
625 624 794
625 626 666
626 625 666
626 627 751
627 626 751
627 628 293
628 627 293
628 629 975
629 628 975
629 630 412
630 629 412
630 631 743
631 630 743
631 632 577
632 631 577
632 633 177
633 632 177
633 634 47
634 633 47
634 635 203
635 634 203
635 636 782
636 635 782
636 637 92
637 636 92
637 638 218
638 637 218
638 639 82
639 638 82
639 640 347
640 639 347
640 641 558
641 640 558
641 642 344
642 641 344
642 643 78
643 642 78
643 644 803
644 643 803
644 645 142
645 644 142
645 646 61
646 645 61
646 647 742
647 646 742
647 648 723
648 647 723
648 649 107
649 648 107
649 650 122
650 649 122
650 651 50
651 650 50
651 652 872
652 651 872
652 653 243
653 652 243
653 654 575
654 653 575
654 655 293
655 654 293
655 656 388
656 655 388
656 657 241
657 656 241
657 658 44
658 657 44
658 659 680
659 658 680
659 660 215
660 659 215
660 661 455
661 660 455
661 662 775
662 661 775
662 663 143
663 662 143
663 664 983
664 663 983
664 665 821
665 664 821
665 666 697
666 665 697
666 667 117
667 666 117
667 668 265
668 667 265
668 669 914
669 668 914
669 670 198
670 669 198
670 671 611
671 670 611
671 672 823
672 671 823
672 673 541
673 672 541
673 674 40
674 673 40
674 675 978
675 674 978
675 676 682
676 675 682
676 677 101
677 676 101
677 678 71
678 677 71
678 679 757
679 678 757
679 680 207
680 679 207
680 681 192
681 680 192
681 682 158
682 681 158
682 683 78
683 682 78
683 684 786
684 683 786
684 685 733
685 684 733
685 686 723
686 685 723
686 687 173
687 686 173
687 688 973
688 687 973
688 689 766
689 688 766
689 690 205
690 689 205
690 691 539
691 690 539
691 692 572
692 691 572
692 693 979
693 692 979
693 694 681
694 693 681
694 695 555
695 694 555
695 696 151
696 695 151
696 697 377
697 696 377
697 698 671
698 697 671
698 699 415
699 698 415
