0 1 980
1 0 980
1 2 102
2 1 102
2 3 866
3 2 866
3 4 138
4 3 138
4 5 208
5 4 208
5 6 153
6 5 153
6 7 242
7 6 242
7 8 852
8 7 852
8 9 134
9 8 134
9 10 915
10 9 915
10 11 777
11 10 777
11 12 608
12 11 608
12 13 959
13 12 959
13 14 83
14 13 83
14 15 612
15 14 612
15 16 847
16 15 847
16 17 123
17 16 123
17 18 184
18 17 184
18 19 717
19 18 717
19 20 494
20 19 494
20 21 672
21 20 672
21 22 678
22 21 678
22 23 590
23 22 590
23 24 564
24 23 564
24 25 600
25 24 600
25 26 22
26 25 22
26 27 235
27 26 235
27 28 26
28 27 26
28 29 486
29 28 486
29 30 576
30 29 576
30 31 226
31 30 226
31 32 465
32 31 465
32 33 29
33 32 29
33 34 444
34 33 444
34 35 954
35 34 954
35 36 589
36 35 589
36 37 596
37 36 596
37 38 195
38 37 195
38 39 440
39 38 440
39 40 729
40 39 729
40 41 461
41 40 461
41 42 569
42 41 569
42 43 688
43 42 688
43 44 419
44 43 419
44 45 3
45 44 3
45 46 652
46 45 652
46 47 617
47 46 617
47 48 126
48 47 126
48 49 835
49 48 835
49 50 686
50 49 686
50 51 971
51 50 971
51 52 859
52 51 859
52 53 715
53 52 715
53 54 912
54 53 912
54 55 422
55 54 422
55 56 314
56 55 314
56 57 286
57 56 286
57 58 8
58 57 8
58 59 340
59 58 340
59 60 771
60 59 771
60 61 935
61 60 935
61 62 917
62 61 917
62 63 235
63 62 235
63 64 964
64 63 964
64 65 360
65 64 360
65 66 540
66 65 540
66 67 552
67 66 552
67 68 308
68 67 308
68 69 86
69 68 86
69 70 343
70 69 343
70 71 388
71 70 388
71 72 546
72 71 546
72 73 911
73 72 911
73 74 428
74 73 428
74 75 316
75 74 316
75 76 914
76 75 914
76 77 79
77 76 79
77 78 284
78 77 284
78 79 391
79 78 391
79 80 265
80 79 265
80 81 969
81 80 969
81 82 361
82 81 361
82 83 475
83 82 475
83 84 683
84 83 683
84 85 625
85 84 625
85 86 896
86 85 896
86 87 349
87 86 349
87 88 910
88 87 910
88 89 255
89 88 255
89 90 688
90 89 688
90 91 680
91 90 680
91 92 190
92 91 190
92 93 956
93 92 956
93 94 266
94 93 266
94 95 153
95 94 153
95 96 668
96 95 668
96 97 805
97 96 805
97 98 56
98 97 56
98 99 975
99 98 975
99 100 890
100 99 890
100 101 398
101 100 398
101 102 714
102 101 714
102 103 787
103 102 787
103 104 309
104 103 309
104 105 141
105 104 141
105 106 102
106 105 102
106 107 574
107 106 574
107 108 219
108 107 219
108 109 737
109 108 737
109 110 964
110 109 964
110 111 836
111 110 836
111 112 706
112 111 706
112 113 676
113 112 676
113 114 310
114 113 310
114 115 740
115 114 740
115 116 300
116 115 300
116 117 558
117 116 558
117 118 88
118 117 88
118 119 561
119 118 561
119 120 812
120 119 812
120 121 127
121 120 127
121 122 240
122 121 240
122 123 353
123 122 353
123 124 435
124 123 435
124 125 505
125 124 505
125 126 505
126 125 505
126 127 454
127 126 454
127 128 661
128 127 661
128 129 560
129 128 560
129 130 780
130 129 780
130 131 550
131 130 550
131 132 310
132 131 310
132 133 493
133 132 493
133 134 688
134 133 688
134 135 970
135 134 970
135 136 634
136 135 634
136 137 141
137 136 141
137 138 543
138 137 543
138 139 204
139 138 204
139 140 878
140 139 878
140 141 858
141 140 858
141 142 391
142 141 391
142 143 935
143 142 935
143 144 885
144 143 885
144 145 53
145 144 53
145 146 674
146 145 674
146 147 185
147 146 185
147 148 610
148 147 610
148 149 114
149 148 114
149 150 745
150 149 745
150 151 773
151 150 773
151 152 592
152 151 592
152 153 337
153 152 337
153 154 126
154 153 126
154 155 26
155 154 26
155 156 193
156 155 193
156 157 982
157 156 982
157 158 831
158 157 831
158 159 854
159 158 854
159 160 894
160 159 894
160 161 610
161 160 610
161 162 755
162 161 755
162 163 203
163 162 203
163 164 103
164 163 103
164 165 795
165 164 795
165 166 172
166 165 172
166 167 88
167 166 88
167 168 935
168 167 935
168 169 66
169 168 66
169 170 291
170 169 291
170 171 812
171 170 812
171 172 275
172 171 275
172 173 34
173 172 34
173 174 746
174 173 746
174 175 159
175 174 159
175 176 86
176 175 86
176 177 772
177 176 772
177 178 695
178 177 695
178 179 695
179 178 695
179 180 237
180 179 237
180 181 792
181 180 792
181 182 467
182 181 467
182 183 828
183 182 828
183 184 128
184 183 128
184 185 944
185 184 944
185 186 206
186 185 206
186 187 672
187 186 672
187 188 926
188 187 926
188 189 36
189 188 36
189 190 877
190 189 877
190 191 819
191 190 819
191 192 646
192 191 646
192 193 984
193 192 984
193 194 21
194 193 21
194 195 100
195 194 100
195 196 778
196 195 778
196 197 544
197 196 544
197 198 187
198 197 187
198 199 712
199 198 712
199 200 961
200 199 961
200 201 829
201 200 829
201 202 524
202 201 524
202 203 235
203 202 235
203 204 862
204 203 862
204 205 621
205 204 621
205 206 393
206 205 393
206 207 947
207 206 947
207 208 392
208 207 392
208 209 88
209 208 88
209 210 993
210 209 993
210 211 628
211 210 628
211 212 231
212 211 231
212 213 812
213 212 812
213 214 808
214 213 808
214 215 358
215 214 358
215 216 755
216 215 755
216 217 13
217 216 13
217 218 381
218 217 381
218 219 680
219 218 680
219 220 400
220 219 400
220 221 258
221 220 258
221 222 850
222 221 850
222 223 397
223 222 397
223 224 241
224 223 241
224 225 870
225 224 870
225 226 496
226 225 496
226 227 18
227 226 18
227 228 765
228 227 765
228 229 34
229 228 34
229 230 729
230 229 729
230 231 725
231 230 725
231 232 863
232 231 863
232 233 604
233 232 604
233 234 959
234 233 959
234 235 76
235 234 76
235 236 225
236 235 225
236 237 704
237 236 704
237 238 23
238 237 23
238 239 968
239 238 968
239 240 143
240 239 143
240 241 367
241 240 367
241 242 948
242 241 948
242 243 373
243 242 373
243 244 178
244 243 178
244 245 755
245 244 755
245 246 82
246 245 82
246 247 933
247 246 933
247 248 119
248 247 119
248 249 462
249 248 462
249 250 964
250 249 964
250 251 518
251 250 518
251 252 719
252 251 719
252 253 814
253 252 814
253 254 915
254 253 915
254 255 311
255 254 311
255 256 35
256 255 35
256 257 762
257 256 762
257 258 328
258 257 328
258 259 800
259 258 800
259 260 796
260 259 796
260 261 409
261 260 409
261 262 876
262 261 876
262 263 10
263 262 10
263 264 12
264 263 12
264 265 187
265 264 187
265 266 85
266 265 85
266 267 236
267 266 236
267 268 890
268 267 890
268 269 459
269 268 459
269 270 556
270 269 556
270 271 384
271 270 384
271 272 826
272 271 826
272 273 503
273 272 503
273 274 756
274 273 756
274 275 355
275 274 355
275 276 609
276 275 609
276 277 837
277 276 837
277 278 287
278 277 287
278 279 79
279 278 79
279 280 298
280 279 298
280 281 603
281 280 603
281 282 596
282 281 596
282 283 369
283 282 369
283 284 416
284 283 416
284 285 862
285 284 862
285 286 679
286 285 679
286 287 802
287 286 802
287 288 624
288 287 624
288 289 7
289 288 7
289 290 953
290 289 953
290 291 771
291 290 771
291 292 767
292 291 767
292 293 829
293 292 829
293 294 132
294 293 132
294 295 778
295 294 778
295 296 367
296 295 367
296 297 568
297 296 568
297 298 366
298 297 366
298 299 256
299 298 256
299 300 379
300 299 379
300 301 921
301 300 921
301 302 639
302 301 639
302 303 204
303 302 204
303 304 775
304 303 775
304 305 746
305 304 746
305 306 910
306 305 910
306 307 735
307 306 735
307 308 582
308 307 582
308 309 197
309 308 197
309 310 813
310 309 813
310 311 231
311 310 231
311 312 799
312 311 799
312 313 408
313 312 408
313 314 599
314 313 599
314 315 566
315 314 566
315 316 622
316 315 622
316 317 630
317 316 630
317 318 367
318 317 367
318 319 597
319 318 597
319 320 988
320 319 988
320 321 320
321 320 320
321 322 719
322 321 719
322 323 754
323 322 754
323 324 500
324 323 500
324 325 850
325 324 850
325 326 531
326 325 531
326 327 866
327 326 866
327 328 769
328 327 769
328 329 248
329 328 248
329 330 473
330 329 473
330 331 147
331 330 147
331 332 168
332 331 168
332 333 463
333 332 463
333 334 702
334 333 702
334 335 294
335 334 294
335 336 208
336 335 208
336 337 612
337 336 612
337 338 28
338 337 28
338 339 789
339 338 789
339 340 808
340 339 808
340 341 840
341 340 840
341 342 371
342 341 371
342 343 958
343 342 958
343 344 600
344 343 600
344 345 970
345 344 970
345 346 875
346 345 875
346 347 573
347 346 573
347 348 599
348 347 599
348 349 241
349 348 241
349 350 169
350 349 169
350 351 938
351 350 938
351 352 912
352 351 912
352 353 887
353 352 887
353 354 691
354 353 691
354 355 411
355 354 411
355 356 88
356 355 88
356 357 221
357 356 221
357 358 628
358 357 628
358 359 856
359 358 856
359 360 469
360 359 469
360 361 100
361 360 100
361 362 3
362 361 3
362 363 988
363 362 988
363 364 562
364 363 562
364 365 704
365 364 704
365 366 634
366 365 634
366 367 769
367 366 769
367 368 667
368 367 667
368 369 661
369 368 661
369 370 909
370 369 909
370 371 826
371 370 826
371 372 853
372 371 853
372 373 280
373 372 280
373 374 783
374 373 783
374 375 804
375 374 804
375 376 601
376 375 601
376 377 9
377 376 9
377 378 376
378 377 376
378 379 551
379 378 551
379 380 602
380 379 602
380 381 896
381 380 896
381 382 488
382 381 488
382 383 513
383 382 513
383 384 134
384 383 134
384 385 530
385 384 530
385 386 276
386 385 276
386 387 221
387 386 221
387 388 750
388 387 750
388 389 255
389 388 255
389 390 428
390 389 428
390 391 570
391 390 570
391 392 355
392 391 355
392 393 782
393 392 782
393 394 910
394 393 910
394 395 268
395 394 268
395 396 838
396 395 838
396 397 543
397 396 543
397 398 389
398 397 389
398 399 504
399 398 504
