0 1 297
1 0 297
1 2 912
2 1 912
2 3 778
3 2 778
3 4 53
4 3 53
4 5 908
5 4 908
5 6 767
6 5 767
6 7 745
7 6 745
7 8 230
8 7 230
8 9 942
9 8 942
9 10 837
10 9 837
10 11 120
11 10 120
11 12 454
12 11 454
12 13 872
13 12 872
13 14 647
14 13 647
14 15 437
15 14 437
15 16 197
16 15 197
16 17 595
17 16 595
17 18 982
18 17 982
18 19 667
19 18 667
19 20 599
20 19 599
20 21 869
21 20 869
21 22 775
22 21 775
22 23 408
23 22 408
23 24 701
24 23 701
24 25 180
25 24 180
25 26 184
26 25 184
26 27 927
27 26 927
27 28 813
28 27 813
28 29 162
29 28 162
29 30 325
30 29 325
30 31 203
31 30 203
31 32 810
32 31 810
32 33 588
33 32 588
33 34 981
34 33 981
34 35 214
35 34 214
35 36 847
36 35 847
36 37 747
37 36 747
37 38 958
38 37 958
38 39 77
39 38 77
39 40 41
40 39 41
40 41 146
41 40 146
41 42 196
42 41 196
42 43 494
43 42 494
43 44 17
44 43 17
44 45 843
45 44 843
45 46 282
46 45 282
46 47 214
47 46 214
47 48 789
48 47 789
48 49 263
49 48 263
49 50 232
50 49 232
50 51 387
51 50 387
51 52 132
52 51 132
52 53 7
53 52 7
53 54 146
54 53 146
54 55 832
55 54 832
55 56 538
56 55 538
56 57 329
57 56 329
57 58 110
58 57 110
58 59 702
59 58 702
59 60 491
60 59 491
60 61 786
61 60 786
61 62 905
62 61 905
62 63 652
63 62 652
63 64 725
64 63 725
64 65 237
65 64 237
65 66 866
66 65 866
66 67 572
67 66 572
67 68 335
68 67 335
68 69 823
69 68 823
69 70 1000
70 69 1000
70 71 375
71 70 375
71 72 969
72 71 969
72 73 195
73 72 195
73 74 220
74 73 220
74 75 337
75 74 337
75 76 389
76 75 389
76 77 502
77 76 502
77 78 902
78 77 902
78 79 530
79 78 530
79 80 764
80 79 764
80 81 134
81 80 134
81 82 268
82 81 268
82 83 895
83 82 895
83 84 140
84 83 140
84 85 414
85 84 414
85 86 78
86 85 78
86 87 29
87 86 29
87 88 94
88 87 94
88 89 540
89 88 540
89 90 731
90 89 731
90 91 584
91 90 584
91 92 325
92 91 325
92 93 987
93 92 987
93 94 588
94 93 588
94 95 50
95 94 50
95 96 223
96 95 223
96 97 453
97 96 453
97 98 973
98 97 973
98 99 557
99 98 557
99 100 627
100 99 627
100 101 972
101 100 972
101 102 932
102 101 932
102 103 947
103 102 947
103 104 518
104 103 518
104 105 151
105 104 151
105 106 636
106 105 636
106 107 907
107 106 907
107 108 4
108 107 4
108 109 537
109 108 537
109 110 788
110 109 788
110 111 768
111 110 768
111 112 670
112 111 670
112 113 407
113 112 407
113 114 14
114 113 14
114 115 161
115 114 161
115 116 172
116 115 172
116 117 444
117 116 444
117 118 542
118 117 542
118 119 266
119 118 266
119 120 983
120 119 983
120 121 272
121 120 272
121 122 201
122 121 201
122 123 307
123 122 307
123 124 610
124 123 610
124 125 788
125 124 788
125 126 708
126 125 708
126 127 832
127 126 832
127 128 592
128 127 592
128 129 680
129 128 680
129 130 740
130 129 740
130 131 571
131 130 571
131 132 651
132 131 651
132 133 671
133 132 671
133 134 869
134 133 869
134 135 169
135 134 169
135 136 174
136 135 174
136 137 504
137 136 504
137 138 427
138 137 427
138 139 177
139 138 177
139 140 41
140 139 41
140 141 566
141 140 566
141 142 296
142 141 296
142 143 62
143 142 62
143 144 972
144 143 972
144 145 310
145 144 310
145 146 223
146 145 223
146 147 144
147 146 144
147 148 753
148 147 753
148 149 116
149 148 116
149 150 761
150 149 761
150 151 735
151 150 735
151 152 387
152 151 387
152 153 961
153 152 961
153 154 393
154 153 393
154 155 348
155 154 348
155 156 101
156 155 101
156 157 453
157 156 453
157 158 179
158 157 179
158 159 44
159 158 44
159 160 132
160 159 132
160 161 918
161 160 918
161 162 614
162 161 614
162 163 135
163 162 135
163 164 941
164 163 941
164 165 483
165 164 483
165 166 303
166 165 303
166 167 466
167 166 466
167 168 986
168 167 986
168 169 81
169 168 81
169 170 642
170 169 642
170 171 378
171 170 378
171 172 646
172 171 646
172 173 938
173 172 938
173 174 440
174 173 440
174 175 969
175 174 969
175 176 599
176 175 599
176 177 14
177 176 14
177 178 464
178 177 464
178 179 703
179 178 703
179 180 129
180 179 129
180 181 224
181 180 224
181 182 437
182 181 437
182 183 867
183 182 867
183 184 537
184 183 537
184 185 181
185 184 181
185 186 214
186 185 214
186 187 989
187 186 989
187 188 633
188 187 633
188 189 744
189 188 744
189 190 32
190 189 32
190 191 117
191 190 117
191 192 13
192 191 13
192 193 646
193 192 646
193 194 251
194 193 251
194 195 953
195 194 953
195 196 480
196 195 480
196 197 905
197 196 905
197 198 770
198 197 770
198 199 465
199 198 465
