0 1 164
1 0 164
1 2 793
2 1 793
2 3 221
3 2 221
3 4 169
4 3 169
4 5 190
5 4 190
5 6 184
6 5 184
6 7 865
7 6 865
7 8 790
8 7 790
8 9 960
9 8 960
9 10 676
10 9 676
10 11 22
11 10 22
11 12 273
12 11 273
12 13 601
13 12 601
13 14 86
14 13 86
14 15 825
15 14 825
15 16 551
16 15 551
16 17 8
17 16 8
17 18 788
18 17 788
18 19 170
19 18 170
19 20 213
20 19 213
20 21 969
21 20 969
21 22 830
22 21 830
22 23 735
23 22 735
23 24 800
24 23 800
24 25 88
25 24 88
25 26 242
26 25 242
26 27 522
27 26 522
27 28 447
28 27 447
28 29 995
29 28 995
29 30 552
30 29 552
30 31 382
31 30 382
31 32 511
32 31 511
32 33 344
33 32 344
33 34 954
34 33 954
34 35 31
35 34 31
35 36 885
36 35 885
36 37 137
37 36 137
37 38 896
38 37 896
38 39 675
39 38 675
39 40 449
40 39 449
40 41 571
41 40 571
41 42 696
42 41 696
42 43 721
43 42 721
43 44 523
44 43 523
44 45 781
45 44 781
45 46 897
46 45 897
46 47 73
47 46 73
47 48 788
48 47 788
48 49 684
49 48 684
49 50 594
50 49 594
50 51 1000
51 50 1000
51 52 5
52 51 5
52 53 775
53 52 775
53 54 87
54 53 87
54 55 804
55 54 804
55 56 862
56 55 862
56 57 680
57 56 680
57 58 677
58 57 677
58 59 661
59 58 661
59 60 675
60 59 675
60 61 229
61 60 229
61 62 394
62 61 394
62 63 537
63 62 537
63 64 924
64 63 924
64 65 347
65 64 347
65 66 567
66 65 567
66 67 809
67 66 809
67 68 836
68 67 836
68 69 462
69 68 462
69 70 483
70 69 483
70 71 284
71 70 284
71 72 384
72 71 384
72 73 178
73 72 178
73 74 356
74 73 356
74 75 906
75 74 906
75 76 958
76 75 958
76 77 253
77 76 253
77 78 330
78 77 330
78 79 97
79 78 97
79 80 288
80 79 288
80 81 924
81 80 924
81 82 448
82 81 448
82 83 292
83 82 292
83 84 50
84 83 50
84 85 886
85 84 886
85 86 448
86 85 448
86 87 912
87 86 912
87 88 566
88 87 566
88 89 124
89 88 124
89 90 924
90 89 924
90 91 592
91 90 592
91 92 704
92 91 704
92 93 317
93 92 317
93 94 128
94 93 128
94 95 628
95 94 628
95 96 663
96 95 663
96 97 46
97 96 46
97 98 436
98 97 436
98 99 498
99 98 498
99 100 508
100 99 508
100 101 918
101 100 918
101 102 781
102 101 781
102 103 243
103 102 243
103 104 95
104 103 95
104 105 489
105 104 489
105 106 149
106 105 149
106 107 404
107 106 404
107 108 741
108 107 741
108 109 830
109 108 830
109 110 852
110 109 852
110 111 380
111 110 380
111 112 105
112 111 105
112 113 651
113 112 651
113 114 672
114 113 672
114 115 155
115 114 155
115 116 537
116 115 537
116 117 471
117 116 471
117 118 418
118 117 418
118 119 102
119 118 102
119 120 594
120 119 594
120 121 341
121 120 341
121 122 693
122 121 693
122 123 650
123 122 650
123 124 657
124 123 657
124 125 172
125 124 172
125 126 277
126 125 277
126 127 671
127 126 671
127 128 217
128 127 217
128 129 712
129 128 712
129 130 169
130 129 169
130 131 76
131 130 76
131 132 981
132 131 981
132 133 301
133 132 301
133 134 319
134 133 319
134 135 75
135 134 75
135 136 789
136 135 789
136 137 819
137 136 819
137 138 830
138 137 830
138 139 881
139 138 881
139 140 1000
140 139 1000
140 141 681
141 140 681
141 142 261
142 141 261
142 143 105
143 142 105
143 144 683
144 143 683
144 145 284
145 144 284
145 146 259
146 145 259
146 147 219
147 146 219
147 148 754
148 147 754
148 149 28
149 148 28
149 150 320
150 149 320
150 151 699
151 150 699
151 152 368
152 151 368
152 153 364
153 152 364
153 154 348
154 153 348
154 155 376
155 154 376
155 156 887
156 155 887
156 157 624
157 156 624
157 158 46
158 157 46
158 159 456
159 158 456
159 160 687
160 159 687
160 161 566
161 160 566
161 162 531
162 161 531
162 163 667
163 162 667
163 164 219
164 163 219
164 165 201
165 164 201
165 166 93
166 165 93
166 167 7
167 166 7
167 168 371
168 167 371
168 169 274
169 168 274
169 170 240
170 169 240
170 171 371
171 170 371
171 172 306
172 171 306
172 173 500
173 172 500
173 174 475
174 173 475
174 175 989
175 174 989
175 176 135
176 175 135
176 177 85
177 176 85
177 178 207
178 177 207
178 179 888
179 178 888
179 180 112
180 179 112
180 181 879
181 180 879
181 182 938
182 181 938
182 183 831
183 182 831
183 184 242
184 183 242
184 185 286
185 184 286
185 186 558
186 185 558
186 187 129
187 186 129
187 188 261
188 187 261
188 189 955
189 188 955
189 190 584
190 189 584
190 191 300
191 190 300
191 192 521
192 191 521
192 193 466
193 192 466
193 194 318
194 193 318
194 195 91
195 194 91
195 196 19
196 195 19
196 197 763
197 196 763
197 198 97
198 197 97
198 199 389
199 198 389
199 200 36
200 199 36
200 201 688
201 200 688
201 202 759
202 201 759
202 203 342
203 202 342
203 204 187
204 203 187
204 205 585
205 204 585
205 206 330
206 205 330
206 207 321
207 206 321
207 208 21
208 207 21
208 209 888
209 208 888
209 210 560
210 209 560
210 211 484
211 210 484
211 212 766
212 211 766
212 213 498
213 212 498
213 214 666
214 213 666
214 215 8
215 214 8
215 216 135
216 215 135
216 217 223
217 216 223
217 218 488
218 217 488
218 219 747
219 218 747
219 220 178
220 219 178
220 221 423
221 220 423
221 222 398
222 221 398
222 223 50
223 222 50
223 224 240
224 223 240
224 225 716
225 224 716
225 226 140
226 225 140
226 227 258
227 226 258
227 228 830
228 227 830
228 229 588
229 228 588
229 230 999
230 229 999
230 231 865
231 230 865
231 232 276
232 231 276
232 233 109
233 232 109
233 234 558
234 233 558
234 235 462
235 234 462
235 236 46
236 235 46
236 237 887
237 236 887
237 238 135
238 237 135
238 239 66
239 238 66
239 240 127
240 239 127
240 241 46
241 240 46
241 242 902
242 241 902
242 243 892
243 242 892
243 244 895
244 243 895
244 245 567
245 244 567
245 246 251
246 245 251
246 247 381
247 246 381
247 248 142
248 247 142
248 249 738
249 248 738
249 250 128
250 249 128
250 251 319
251 250 319
251 252 512
252 251 512
252 253 877
253 252 877
253 254 368
254 253 368
254 255 104
255 254 104
255 256 944
256 255 944
256 257 859
257 256 859
257 258 361
258 257 361
258 259 773
259 258 773
259 260 446
260 259 446
260 261 359
261 260 359
261 262 990
262 261 990
262 263 721
263 262 721
263 264 820
264 263 820
264 265 547
265 264 547
265 266 535
266 265 535
266 267 865
267 266 865
267 268 786
268 267 786
268 269 669
269 268 669
269 270 930
270 269 930
270 271 912
271 270 912
271 272 66
272 271 66
272 273 183
273 272 183
273 274 803
274 273 803
274 275 961
275 274 961
275 276 102
276 275 102
276 277 54
277 276 54
277 278 341
278 277 341
278 279 243
279 278 243
279 280 143
280 279 143
280 281 820
281 280 820
281 282 913
282 281 913
282 283 7
283 282 7
283 284 697
284 283 697
284 285 280
285 284 280
285 286 110
286 285 110
286 287 640
287 286 640
287 288 490
288 287 490
288 289 822
289 288 822
289 290 765
290 289 765
290 291 935
291 290 935
291 292 533
292 291 533
292 293 754
293 292 754
293 294 656
294 293 656
294 295 352
295 294 352
295 296 300
296 295 300
296 297 190
297 296 190
297 298 216
298 297 216
298 299 85
299 298 85
299 300 210
300 299 210
300 301 497
301 300 497
301 302 348
302 301 348
302 303 275
303 302 275
303 304 680
304 303 680
304 305 151
305 304 151
305 306 587
306 305 587
306 307 781
307 306 781
307 308 556
308 307 556
308 309 928
309 308 928
309 310 375
310 309 375
310 311 50
311 310 50
311 312 747
312 311 747
312 313 287
313 312 287
313 314 56
314 313 56
314 315 795
315 314 795
315 316 918
316 315 918
316 317 517
317 316 517
317 318 787
318 317 787
318 319 407
319 318 407
319 320 339
320 319 339
320 321 551
321 320 551
321 322 341
322 321 341
322 323 871
323 322 871
323 324 656
324 323 656
324 325 348
325 324 348
325 326 222
326 325 222
326 327 307
327 326 307
327 328 889
328 327 889
328 329 437
329 328 437
329 330 744
330 329 744
330 331 98
331 330 98
331 332 933
332 331 933
332 333 91
333 332 91
333 334 725
334 333 725
334 335 964
335 334 964
335 336 593
336 335 593
336 337 311
337 336 311
337 338 96
338 337 96
338 339 148
339 338 148
339 340 590
340 339 590
340 341 470
341 340 470
341 342 550
342 341 550
342 343 337
343 342 337
343 344 756
344 343 756
344 345 957
345 344 957
345 346 483
346 345 483
346 347 25
347 346 25
347 348 474
348 347 474
348 349 269
349 348 269
349 350 431
350 349 431
350 351 812
351 350 812
351 352 171
352 351 171
352 353 124
353 352 124
353 354 34
354 353 34
354 355 826
355 354 826
355 356 471
356 355 471
356 357 255
357 356 255
357 358 133
358 357 133
358 359 360
359 358 360
359 360 43
360 359 43
360 361 228
361 360 228
361 362 809
362 361 809
362 363 975
363 362 975
363 364 318
364 363 318
364 365 885
365 364 885
365 366 291
366 365 291
366 367 911
367 366 911
367 368 548
368 367 548
368 369 386
369 368 386
369 370 410
370 369 410
370 371 137
371 370 137
371 372 856
372 371 856
372 373 311
373 372 311
373 374 825
374 373 825
374 375 963
375 374 963
375 376 268
376 375 268
376 377 308
377 376 308
377 378 988
378 377 988
378 379 741
379 378 741
379 380 928
380 379 928
380 381 770
381 380 770
381 382 904
382 381 904
382 383 99
383 382 99
383 384 893
384 383 893
384 385 937
385 384 937
385 386 276
386 385 276
386 387 716
387 386 716
387 388 543
388 387 543
388 389 760
389 388 760
389 390 427
390 389 427
390 391 585
391 390 585
391 392 987
392 391 987
392 393 235
393 392 235
393 394 911
394 393 911
394 395 305
395 394 305
395 396 120
396 395 120
396 397 201
397 396 201
397 398 567
398 397 567
398 399 667
399 398 667
399 400 939
400 399 939
400 401 976
401 400 976
401 402 155
402 401 155
402 403 146
403 402 146
403 404 639
404 403 639
404 405 980
405 404 980
405 406 108
406 405 108
406 407 906
407 406 906
407 408 287
408 407 287
408 409 447
409 408 447
409 410 998
410 409 998
410 411 566
411 410 566
411 412 569
412 411 569
412 413 901
413 412 901
413 414 664
414 413 664
414 415 813
415 414 813
415 416 189
416 415 189
416 417 940
417 416 940
417 418 528
418 417 528
418 419 731
419 418 731
419 420 699
420 419 699
420 421 954
421 420 954
421 422 315
422 421 315
422 423 38
423 422 38
423 424 541
424 423 541
424 425 577
425 424 577
425 426 342
426 425 342
426 427 12
427 426 12
427 428 130
428 427 130
428 429 260
429 428 260
429 430 678
430 429 678
430 431 68
431 430 68
431 432 235
432 431 235
432 433 832
433 432 832
433 434 213
434 433 213
434 435 225
435 434 225
435 436 163
436 435 163
436 437 672
437 436 672
437 438 130
438 437 130
438 439 801
439 438 801
439 440 119
440 439 119
440 441 127
441 440 127
441 442 367
442 441 367
442 443 687
443 442 687
443 444 27
444 443 27
444 445 30
445 444 30
445 446 499
446 445 499
446 447 567
447 446 567
447 448 321
448 447 321
448 449 379
449 448 379
449 450 297
450 449 297
450 451 372
451 450 372
451 452 332
452 451 332
452 453 963
453 452 963
453 454 409
454 453 409
454 455 224
455 454 224
455 456 892
456 455 892
456 457 102
457 456 102
457 458 235
458 457 235
458 459 21
459 458 21
459 460 361
460 459 361
460 461 912
461 460 912
461 462 88
462 461 88
462 463 947
463 462 947
463 464 96
464 463 96
464 465 300
465 464 300
465 466 172
466 465 172
466 467 610
467 466 610
467 468 971
468 467 971
468 469 301
469 468 301
469 470 411
470 469 411
470 471 441
471 470 441
471 472 780
472 471 780
472 473 777
473 472 777
473 474 479
474 473 479
474 475 158
475 474 158
475 476 158
476 475 158
476 477 330
477 476 330
477 478 725
478 477 725
478 479 831
479 478 831
479 480 708
480 479 708
480 481 21
481 480 21
481 482 202
482 481 202
482 483 391
483 482 391
483 484 336
484 483 336
484 485 962
485 484 962
485 486 615
486 485 615
486 487 227
487 486 227
487 488 63
488 487 63
488 489 849
489 488 849
489 490 247
490 489 247
490 491 423
491 490 423
491 492 113
492 491 113
492 493 686
493 492 686
493 494 369
494 493 369
494 495 560
495 494 560
495 496 985
496 495 985
496 497 892
497 496 892
497 498 169
498 497 169
498 499 307
499 498 307
499 500 193
500 499 193
500 501 931
501 500 931
501 502 100
502 501 100
502 503 972
503 502 972
503 504 59
504 503 59
504 505 578
505 504 578
505 506 129
506 505 129
506 507 217
507 506 217
507 508 907
508 507 907
508 509 853
509 508 853
509 510 47
510 509 47
510 511 966
511 510 966
511 512 226
512 511 226
512 513 600
513 512 600
513 514 357
514 513 357
514 515 913
515 514 913
515 516 561
516 515 561
516 517 971
517 516 971
517 518 139
518 517 139
518 519 623
519 518 623
519 520 171
520 519 171
520 521 737
521 520 737
521 522 397
522 521 397
522 523 283
523 522 283
523 524 422
524 523 422
524 525 765
525 524 765
525 526 842
526 525 842
526 527 758
527 526 758
527 528 9
528 527 9
528 529 363
529 528 363
529 530 416
530 529 416
530 531 201
531 530 201
531 532 293
532 531 293
532 533 515
533 532 515
533 534 524
534 533 524
534 535 352
535 534 352
535 536 445
536 535 445
536 537 4
537 536 4
537 538 920
538 537 920
538 539 351
539 538 351
539 540 209
540 539 209
540 541 966
541 540 966
541 542 317
542 541 317
542 543 786
543 542 786
543 544 917
544 543 917
544 545 25
545 544 25
545 546 698
546 545 698
546 547 477
547 546 477
547 548 995
548 547 995
548 549 188
549 548 188
549 550 99
550 549 99
550 551 517
551 550 517
551 552 924
552 551 924
552 553 495
553 552 495
553 554 800
554 553 800
554 555 697
555 554 697
555 556 611
556 555 611
556 557 993
557 556 993
557 558 806
558 557 806
558 559 619
559 558 619
559 560 707
560 559 707
560 561 221
561 560 221
561 562 171
562 561 171
562 563 1000
563 562 1000
563 564 88
564 563 88
564 565 46
565 564 46
565 566 703
566 565 703
566 567 532
567 566 532
567 568 50
568 567 50
568 569 622
569 568 622
569 570 234
570 569 234
570 571 258
571 570 258
571 572 939
572 571 939
572 573 902
573 572 902
573 574 395
574 573 395
574 575 855
575 574 855
575 576 926
576 575 926
576 577 92
577 576 92
577 578 683
578 577 683
578 579 272
579 578 272
579 580 279
580 579 279
580 581 781
581 580 781
581 582 789
582 581 789
582 583 554
583 582 554
583 584 627
584 583 627
584 585 940
585 584 940
585 586 602
586 585 602
586 587 237
587 586 237
587 588 932
588 587 932
588 589 407
589 588 407
589 590 208
590 589 208
590 591 639
591 590 639
591 592 627
592 591 627
592 593 378
593 592 378
593 594 990
594 593 990
594 595 714
595 594 714
595 596 424
596 595 424
596 597 44
597 596 44
597 598 597
598 597 597
598 599 825
599 598 825
599 600 17
600 599 17
600 601 831
601 600 831
601 602 434
602 601 434
602 603 307
603 602 307
603 604 732
604 603 732
604 605 828
605 604 828
605 606 161
606 605 161
606 607 658
607 606 658
607 608 919
608 607 919
608 609 843
609 608 843
609 610 281
610 609 281
610 611 549
611 610 549
611 612 975
612 611 975
612 613 69
613 612 69
613 614 454
614 613 454
614 615 601
615 614 601
615 616 8
616 615 8
616 617 55
617 616 55
617 618 189
618 617 189
618 619 292
619 618 292
619 620 461
620 619 461
620 621 396
621 620 396
621 622 930
622 621 930
622 623 439
623 622 439
623 624 126
624 623 126
624 625 271
625 624 271
625 626 505
626 625 505
626 627 901
627 626 901
627 628 314
628 627 314
628 629 101
629 628 101
629 630 725
630 629 725
630 631 682
631 630 682
631 632 931
632 631 931
632 633 158
633 632 158
633 634 988
634 633 988
634 635 15
635 634 15
635 636 337
636 635 337
636 637 148
637 636 148
637 638 24
638 637 24
638 639 607
639 638 607
639 640 342
640 639 342
640 641 304
641 640 304
641 642 155
642 641 155
642 643 668
643 642 668
643 644 373
644 643 373
644 645 960
645 644 960
645 646 620
646 645 620
646 647 732
647 646 732
647 648 14
648 647 14
648 649 808
649 648 808
649 650 23
650 649 23
650 651 826
651 650 826
651 652 556
652 651 556
652 653 304
653 652 304
653 654 264
654 653 264
654 655 33
655 654 33
655 656 574
656 655 574
656 657 768
657 656 768
657 658 933
658 657 933
658 659 239
659 658 239
659 660 869
660 659 869
660 661 9
661 660 9
661 662 920
662 661 920
662 663 151
663 662 151
663 664 518
664 663 518
664 665 907
665 664 907
665 666 517
666 665 517
666 667 854
667 666 854
667 668 406
668 667 406
668 669 540
669 668 540
669 670 460
670 669 460
670 671 99
671 670 99
671 672 844
672 671 844
672 673 966
673 672 966
673 674 766
674 673 766
674 675 568
675 674 568
675 676 277
676 675 277
676 677 385
677 676 385
677 678 299
678 677 299
678 679 290
679 678 290
679 680 545
680 679 545
680 681 322
681 680 322
681 682 467
682 681 467
682 683 100
683 682 100
683 684 625
684 683 625
684 685 730
685 684 730
685 686 484
686 685 484
686 687 199
687 686 199
687 688 850
688 687 850
688 689 768
689 688 768
689 690 789
690 689 789
690 691 70
691 690 70
691 692 776
692 691 776
692 693 709
693 692 709
693 694 572
694 693 572
694 695 645
695 694 645
695 696 967
696 695 967
696 697 89
697 696 89
697 698 850
698 697 850
698 699 373
699 698 373
699 700 628
700 699 628
700 701 661
701 700 661
701 702 471
702 701 471
702 703 823
703 702 823
703 704 978
704 703 978
704 705 589
705 704 589
705 706 390
706 705 390
706 707 254
707 706 254
707 708 325
708 707 325
708 709 689
709 708 689
709 710 895
710 709 895
710 711 869
711 710 869
711 712 10
712 711 10
712 713 361
713 712 361
713 714 320
714 713 320
714 715 634
715 714 634
715 716 442
716 715 442
716 717 803
717 716 803
717 718 184
718 717 184
718 719 291
719 718 291
719 720 570
720 719 570
720 721 973
721 720 973
721 722 360
722 721 360
722 723 697
723 722 697
723 724 33
724 723 33
724 725 932
725 724 932
725 726 341
726 725 341
726 727 999
727 726 999
727 728 20
728 727 20
728 729 190
729 728 190
729 730 723
730 729 723
730 731 999
731 730 999
731 732 850
732 731 850
732 733 194
733 732 194
733 734 822
734 733 822
734 735 827
735 734 827
735 736 134
736 735 134
736 737 211
737 736 211
737 738 432
738 737 432
738 739 458
739 738 458
739 740 899
740 739 899
740 741 326
741 740 326
741 742 327
742 741 327
742 743 260
743 742 260
743 744 686
744 743 686
744 745 646
745 744 646
745 746 246
746 745 246
746 747 128
747 746 128
747 748 801
748 747 801
748 749 781
749 748 781
749 750 418
750 749 418
750 751 370
751 750 370
751 752 753
752 751 753
752 753 130
753 752 130
753 754 419
754 753 419
754 755 137
755 754 137
755 756 61
756 755 61
756 757 759
757 756 759
757 758 488
758 757 488
758 759 432
759 758 432
759 760 301
760 759 301
760 761 210
761 760 210
761 762 430
762 761 430
762 763 150
763 762 150
763 764 403
764 763 403
764 765 251
765 764 251
765 766 329
766 765 329
766 767 536
767 766 536
767 768 814
768 767 814
768 769 760
769 768 760
769 770 346
770 769 346
770 771 64
771 770 64
771 772 438
772 771 438
772 773 672
773 772 672
773 774 676
774 773 676
774 775 123
775 774 123
775 776 669
776 775 669
776 777 921
777 776 921
777 778 602
778 777 602
778 779 469
779 778 469
779 780 701
780 779 701
780 781 372
781 780 372
781 782 191
782 781 191
782 783 806
783 782 806
783 784 501
784 783 501
784 785 609
785 784 609
785 786 294
786 785 294
786 787 913
787 786 913
787 788 367
788 787 367
788 789 781
789 788 781
789 790 696
790 789 696
790 791 19
791 790 19
791 792 991
792 791 991
792 793 125
793 792 125
793 794 521
794 793 521
794 795 393
795 794 393
795 796 728
796 795 728
796 797 849
797 796 849
797 798 281
798 797 281
798 799 893
799 798 893
799 800 960
800 799 960
800 801 978
801 800 978
801 802 956
802 801 956
802 803 397
803 802 397
803 804 649
804 803 649
804 805 631
805 804 631
805 806 872
806 805 872
806 807 669
807 806 669
807 808 903
808 807 903
808 809 473
809 808 473
809 810 138
810 809 138
810 811 604
811 810 604
811 812 196
812 811 196
812 813 328
813 812 328
813 814 761
814 813 761
814 815 696
815 814 696
815 816 288
816 815 288
816 817 54
817 816 54
817 818 960
818 817 960
818 819 6
819 818 6
819 820 835
820 819 835
820 821 655
821 820 655
821 822 25
822 821 25
822 823 825
823 822 825
823 824 132
824 823 132
824 825 545
825 824 545
825 826 569
826 825 569
826 827 859
827 826 859
827 828 745
828 827 745
828 829 201
829 828 201
829 830 103
830 829 103
830 831 56
831 830 56
831 832 178
832 831 178
832 833 58
833 832 58
833 834 453
834 833 453
834 835 178
835 834 178
835 836 41
836 835 41
836 837 324
837 836 324
837 838 847
838 837 847
838 839 943
839 838 943
839 840 148
840 839 148
840 841 984
841 840 984
841 842 898
842 841 898
842 843 344
843 842 344
843 844 663
844 843 663
844 845 658
845 844 658
845 846 391
846 845 391
846 847 302
847 846 302
847 848 712
848 847 712
848 849 703
849 848 703
849 850 307
850 849 307
850 851 898
851 850 898
851 852 357
852 851 357
852 853 683
853 852 683
853 854 722
854 853 722
854 855 488
855 854 488
855 856 227
856 855 227
856 857 642
857 856 642
857 858 698
858 857 698
858 859 323
859 858 323
859 860 843
860 859 843
860 861 800
861 860 800
861 862 379
862 861 379
862 863 20
863 862 20
863 864 210
864 863 210
864 865 831
865 864 831
865 866 550
866 865 550
866 867 250
867 866 250
867 868 506
868 867 506
868 869 396
869 868 396
869 870 544
870 869 544
870 871 5
871 870 5
871 872 731
872 871 731
872 873 442
873 872 442
873 874 348
874 873 348
874 875 393
875 874 393
875 876 451
876 875 451
876 877 91
877 876 91
877 878 694
878 877 694
878 879 162
879 878 162
879 880 793
880 879 793
880 881 352
881 880 352
881 882 411
882 881 411
882 883 149
883 882 149
883 884 35
884 883 35
884 885 132
885 884 132
885 886 989
886 885 989
886 887 613
887 886 613
887 888 774
888 887 774
888 889 38
889 888 38
889 890 936
890 889 936
890 891 968
891 890 968
891 892 838
892 891 838
892 893 314
893 892 314
893 894 339
894 893 339
894 895 399
895 894 399
895 896 496
896 895 496
896 897 888
897 896 888
897 898 648
898 897 648
898 899 353
899 898 353
899 900 283
900 899 283
900 901 543
901 900 543
901 902 357
902 901 357
902 903 13
903 902 13
903 904 984
904 903 984
904 905 57
905 904 57
905 906 757
906 905 757
906 907 435
907 906 435
907 908 147
908 907 147
908 909 802
909 908 802
909 910 948
910 909 948
910 911 939
911 910 939
911 912 154
912 911 154
912 913 359
913 912 359
913 914 439
914 913 439
914 915 540
915 914 540
915 916 842
916 915 842
916 917 427
917 916 427
917 918 152
918 917 152
918 919 967
919 918 967
919 920 465
920 919 465
920 921 439
921 920 439
921 922 934
922 921 934
922 923 654
923 922 654
923 924 104
924 923 104
924 925 273
925 924 273
925 926 52
926 925 52
926 927 951
927 926 951
927 928 160
928 927 160
928 929 51
929 928 51
929 930 303
930 929 303
930 931 795
931 930 795
931 932 593
932 931 593
932 933 12
933 932 12
933 934 807
934 933 807
934 935 929
935 934 929
935 936 68
936 935 68
936 937 564
937 936 564
937 938 715
938 937 715
938 939 214
939 938 214
939 940 365
940 939 365
940 941 662
941 940 662
941 942 504
942 941 504
942 943 870
943 942 870
943 944 372
944 943 372
944 945 942
945 944 942
945 946 409
946 945 409
946 947 214
947 946 214
947 948 721
948 947 721
948 949 913
949 948 913
949 950 180
950 949 180
950 951 537
951 950 537
951 952 351
952 951 351
952 953 466
953 952 466
953 954 542
954 953 542
954 955 455
955 954 455
955 956 738
956 955 738
956 957 945
957 956 945
957 958 405
958 957 405
958 959 249
959 958 249
959 960 347
960 959 347
960 961 60
961 960 60
961 962 43
962 961 43
962 963 939
963 962 939
963 964 71
964 963 71
964 965 850
965 964 850
965 966 219
966 965 219
966 967 138
967 966 138
967 968 765
968 967 765
968 969 933
969 968 933
969 970 703
970 969 703
970 971 481
971 970 481
971 972 947
972 971 947
972 973 558
973 972 558
973 974 351
974 973 351
974 975 318
975 974 318
975 976 499
976 975 499
976 977 111
977 976 111
977 978 531
978 977 531
978 979 571
979 978 571
979 980 23
980 979 23
980 981 63
981 980 63
981 982 459
982 981 459
982 983 726
983 982 726
983 984 528
984 983 528
984 985 1000
985 984 1000
985 986 532
986 985 532
986 987 265
987 986 265
987 988 944
988 987 944
988 989 936
989 988 936
989 990 865
990 989 865
990 991 290
991 990 290
991 992 347
992 991 347
992 993 908
993 992 908
993 994 581
994 993 581
994 995 417
995 994 417
995 996 757
996 995 757
996 997 151
997 996 151
997 998 906
998 997 906
998 999 873
999 998 873
999 0 84
0 999 84
352 29 517
29 352 517
54 346 368
346 54 368
517 229 938
229 517 938
891 291 397
291 891 397
616 170 396
170 616 396
147 786 692
786 147 692
435 650 333
650 435 333
781 557 913
557 781 913
198 665 64
665 198 64
455 537 499
537 455 499
415 242 528
242 415 528
931 296 226
296 931 226
298 165 807
165 298 807
588 57 98
57 588 98
984 673 620
673 984 620
731 173 406
173 731 406
774 608 57
608 774 57
107 741 966
741 107 966
371 291 632
291 371 632
786 747 521
747 786 521
636 162 763
162 636 763
515 445 412
445 515 412
741 96 577
96 741 577
547 684 634
684 547 634
997 20 660
20 997 660
968 103 185
103 968 185
374 230 793
230 374 793
782 337 886
337 782 886
747 60 178
60 747 178
378 199 925
199 378 925
899 835 439
835 899 439
13 351 236
351 13 236
424 444 332
444 424 332
353 343 368
343 353 368
986 692 388
692 986 388
997 661 844
661 997 844
181 35 74
35 181 74
325 169 763
169 325 763
211 916 175
916 211 175
740 647 374
647 740 374
16 898 210
898 16 210
806 911 913
911 806 913
41 688 709
688 41 709
725 41 52
41 725 52
92 379 745
379 92 745
832 377 758
377 832 758
27 910 145
910 27 145
100 588 314
588 100 314
214 151 230
151 214 230
388 891 877
891 388 877
762 259 127
259 762 127
323 65 39
65 323 39
587 458 727
458 587 727
295 183 768
183 295 768
346 628 147
628 346 147
442 460 876
460 442 876
199 839 139
839 199 139
695 939 727
939 695 727
8 505 878
505 8 878
590 893 121
893 590 121
818 655 380
655 818 380
945 330 445
330 945 445
983 917 255
917 983 255
61 212 439
212 61 439
180 911 67
911 180 67
678 353 879
353 678 879
554 905 70
905 554 70
44 600 9
600 44 9
770 961 514
961 770 514
999 551 759
551 999 759
119 369 415
369 119 415
498 314 97
314 498 97
294 649 15
649 294 15
548 710 227
710 548 227
338 890 490
890 338 490
756 569 196
569 756 196
986 475 101
475 986 101
55 519 53
519 55 53
415 641 14
641 415 14
280 640 565
640 280 565
39 759 935
759 39 935
805 609 601
609 805 601
901 903 251
903 901 251
267 803 961
803 267 961
846 142 204
142 846 204
335 898 773
898 335 773
530 885 600
885 530 600
982 940 471
940 982 471
35 356 112
356 35 112
400 636 104
636 400 104
965 27 863
27 965 863
251 832 472
832 251 472
203 734 727
734 203 727
453 1 530
1 453 530
414 847 672
847 414 672
969 535 923
535 969 923
93 65 808
65 93 808
692 48 100
48 692 100
514 435 808
435 514 808
625 835 797
835 625 797
728 152 824
152 728 824
942 755 657
755 942 657
765 959 743
959 765 743
491 412 96
412 491 96
372 178 296
178 372 296
44 147 831
147 44 831
966 240 248
240 966 248
125 284 296
284 125 296
224 798 83
798 224 83
32 775 919
775 32 919
180 855 71
855 180 71
3 149 827
149 3 827
11 914 786
914 11 786
753 757 550
757 753 550
201 130 729
130 201 729
848 526 876
526 848 876
678 492 469
492 678 469
277 969 105
969 277 105
925 545 256
545 925 256
7 929 31
929 7 31
925 109 239
109 925 239
348 113 740
113 348 740
174 124 655
124 174 655
311 230 412
230 311 412
860 783 894
783 860 894
588 631 420
631 588 420
816 661 912
661 816 912
636 938 233
938 636 233
740 863 779
863 740 779
995 871 708
871 995 708
378 148 170
148 378 170
968 496 283
496 968 283
707 22 759
22 707 759
713 333 989
333 713 989
477 546 772
546 477 772
370 486 755
486 370 755
790 302 416
302 790 416
53 290 355
290 53 355
286 383 570
383 286 570
416 730 793
730 416 793
475 460 942
460 475 942
644 428 790
428 644 790
926 488 813
488 926 813
37 553 498
553 37 498
377 30 44
30 377 44
501 401 531
401 501 531
255 543 185
543 255 185
671 596 476
596 671 476
377 234 859
234 377 859
946 2 941
2 946 941
739 478 402
478 739 402
32 122 830
122 32 830
821 401 670
401 821 670
985 438 224
438 985 224
483 167 254
167 483 254
526 668 7
668 526 7
408 924 550
924 408 550
593 947 499
947 593 499
420 324 85
324 420 85
630 622 88
622 630 88
570 713 918
713 570 918
323 745 392
745 323 392
153 567 793
567 153 793
174 904 583
904 174 583
397 387 751
387 397 751
3 266 419
266 3 419
361 674 695
674 361 695
263 619 642
619 263 642
113 391 318
391 113 318
197 373 941
373 197 941
636 296 654
296 636 654
905 619 752
619 905 752
297 124 671
124 297 671
441 299 575
299 441 575
24 48 963
48 24 963
126 403 229
403 126 229
544 765 255
765 544 255
591 28 227
28 591 227
584 141 618
141 584 618
902 690 992
690 902 992
194 679 640
679 194 640
199 584 259
584 199 259
950 881 384
881 950 384
620 323 35
323 620 35
195 699 83
699 195 83
509 825 487
825 509 487
737 721 604
721 737 604
343 664 632
664 343 632
569 249 125
249 569 125
187 503 167
503 187 167
530 697 846
697 530 846
521 896 783
896 521 783
779 847 16
847 779 16
514 467 339
467 514 339
548 14 390
14 548 390
983 523 215
523 983 215
469 612 289
612 469 289
424 956 953
956 424 953
407 525 554
525 407 554
883 64 57
64 883 57
49 946 754
946 49 754
895 467 651
467 895 651
29 599 850
599 29 850
44 113 669
113 44 669
735 662 36
662 735 36
124 645 559
645 124 559
691 466 172
466 691 172
331 890 480
890 331 480
283 649 357
649 283 357
532 773 246
773 532 246
581 71 1000
71 581 1000
828 891 2
891 828 2
857 490 203
490 857 203
902 603 871
603 902 871
989 617 906
617 989 906
113 262 817
262 113 817
156 80 340
80 156 340
487 322 819
322 487 819
123 971 527
971 123 527
312 503 300
503 312 300
557 85 372
85 557 372
556 265 263
265 556 263
909 123 753
123 909 753
111 377 708
377 111 708
334 366 326
366 334 326
239 831 940
831 239 940
407 988 21
988 407 21
746 475 343
475 746 343
564 598 315
598 564 315
91 262 818
262 91 818
742 820 255
820 742 255
113 728 521
728 113 521
727 638 996
638 727 996
831 749 373
749 831 373
539 435 91
435 539 91
216 675 922
675 216 922
155 434 910
434 155 910
175 181 738
181 175 738
870 97 688
97 870 688
184 540 951
540 184 951
353 283 771
283 353 771
960 748 499
748 960 499
832 476 489
476 832 489
827 659 591
659 827 591
551 198 26
198 551 26
641 414 53
414 641 53
562 922 488
922 562 488
824 97 669
97 824 669
913 319 118
319 913 118
600 503 659
503 600 659
902 209 294
209 902 294
24 521 42
521 24 42
875 353 870
353 875 870
363 180 882
180 363 882
953 731 432
731 953 432
979 724 847
724 979 847
383 286 121
286 383 121
870 462 570
462 870 570
890 375 890
375 890 890
8 328 745
328 8 745
18 582 954
582 18 954
311 607 475
607 311 475
704 482 180
482 704 180
926 845 360
845 926 360
807 151 443
151 807 443
238 482 167
482 238 167
436 865 806
865 436 806
556 736 268
736 556 268
126 978 996
978 126 996
15 986 676
986 15 676
759 356 258
356 759 258
65 19 865
19 65 865
891 724 699
724 891 699
71 2 545
2 71 545
782 809 48
809 782 48
225 399 530
399 225 530
391 188 395
188 391 395
196 744 483
744 196 483
816 222 462
222 816 462
163 589 800
589 163 800
838 701 509
701 838 509
447 118 528
118 447 528
312 9 604
9 312 604
10 432 606
432 10 606
906 215 767
215 906 767
305 792 167
792 305 167
834 183 355
183 834 355
581 732 451
732 581 451
415 900 26
900 415 26
876 63 967
63 876 967
28 253 668
253 28 668
536 700 138
700 536 138
415 364 500
364 415 500
19 727 932
727 19 932
624 985 499
985 624 499
391 291 643
291 391 643
125 178 616
178 125 616
58 910 418
910 58 418
474 162 795
162 474 795
702 225 762
225 702 762
730 830 781
830 730 781
618 882 919
882 618 919
34 247 418
247 34 418
53 326 701
326 53 701
29 311 552
311 29 552
420 954 194
954 420 194
681 80 372
80 681 372
296 490 634
490 296 634
66 964 796
964 66 796
860 667 373
667 860 373
621 749 203
749 621 203
754 720 86
720 754 86
672 106 685
106 672 685
441 159 11
159 441 11
493 540 674
540 493 674
44 313 629
313 44 629
590 994 61
994 590 61
961 643 551
643 961 551
947 709 868
709 947 868
742 569 887
569 742 887
115 543 636
543 115 636
669 297 356
297 669 356
106 321 462
321 106 462
142 114 973
114 142 973
504 607 866
607 504 866
178 4 179
4 178 179
158 594 173
594 158 173
570 907 168
907 570 168
120 854 877
854 120 877
339 949 799
949 339 799
225 64 342
64 225 342
213 85 639
85 213 639
920 192 960
192 920 960
382 686 426
686 382 426
706 191 33
191 706 33
571 369 389
369 571 389
101 879 983
879 101 983
274 449 243
449 274 243
793 921 97
921 793 97
670 261 398
261 670 398
468 486 462
486 468 462
809 699 900
699 809 900
799 620 444
620 799 444
110 354 130
354 110 130
535 412 321
412 535 321
919 336 42
336 919 42
308 437 273
437 308 273
642 63 722
63 642 722
884 857 644
857 884 644
333 879 257
879 333 257
730 347 743
347 730 743
544 508 795
508 544 795
443 307 767
307 443 767
238 769 473
769 238 473
367 304 885
304 367 885
40 223 573
223 40 573
433 883 363
883 433 363
706 526 426
526 706 426
779 410 635
410 779 635
774 95 514
95 774 514
30 826 213
826 30 213
125 370 73
370 125 73
919 165 732
165 919 732
685 755 501
755 685 501
509 474 157
474 509 157
393 514 733
514 393 733
966 300 616
300 966 616
680 358 142
358 680 142
105 137 905
137 105 905
92 912 1000
912 92 1000
957 942 826
942 957 826
522 67 548
67 522 548
594 338 65
338 594 65
326 375 820
375 326 820
178 884 295
884 178 295
335 630 161
630 335 161
67 948 813
948 67 813
34 628 171
628 34 171
176 85 661
85 176 661
80 177 573
177 80 573
431 487 867
487 431 867
257 9 287
9 257 287
156 603 977
603 156 977
221 281 353
281 221 353
392 460 589
460 392 589
38 147 219
147 38 219
199 566 167
566 199 167
363 600 795
600 363 795
534 128 233
128 534 233
194 560 410
560 194 410
118 992 897
992 118 897
984 249 258
249 984 258
622 757 862
757 622 862
599 978 495
978 599 495
951 723 955
723 951 955
891 761 454
761 891 454
110 312 20
312 110 20
628 676 621
676 628 621
775 210 749
210 775 749
7 756 310
756 7 310
416 874 654
874 416 654
665 210 903
210 665 903
922 185 12
185 922 12
135 784 991
784 135 991
630 87 66
87 630 66
936 978 827
978 936 827
390 88 140
88 390 140
409 69 168
69 409 168
381 844 730
844 381 730
482 851 486
851 482 486
143 619 712
619 143 712
796 284 274
284 796 274
50 559 459
559 50 459
61 46 243
46 61 243
403 676 682
676 403 682
468 965 661
965 468 661
647 355 101
355 647 101
786 116 170
116 786 170
953 850 366
850 953 366
34 332 217
332 34 217
519 827 837
827 519 837
582 623 473
623 582 473
855 25 384
25 855 384
314 86 431
86 314 431
908 490 459
490 908 459
590 310 776
310 590 776
602 957 483
957 602 483
54 95 600
95 54 600
576 400 802
400 576 802
941 434 486
434 941 486
158 953 313
953 158 313
346 535 936
535 346 936
170 743 961
743 170 961
554 57 399
57 554 399
336 317 241
317 336 241
146 259 552
259 146 552
922 861 509
861 922 509
404 916 605
916 404 605
355 492 5
492 355 5
156 433 440
433 156 440
641 943 745
943 641 745
305 641 633
641 305 633
240 812 376
812 240 376
552 718 785
718 552 785
303 406 102
406 303 102
543 552 362
552 543 362
94 826 575
826 94 575
955 583 843
583 955 843
911 938 335
938 911 335
267 447 121
447 267 121
58 440 416
440 58 416
803 746 58
746 803 58
787 338 222
338 787 222
162 243 940
243 162 940
298 546 698
546 298 698
89 601 465
601 89 465
428 39 844
39 428 844
11 881 755
881 11 755
301 568 22
568 301 22
748 40 81
40 748 81
189 455 236
455 189 236
287 864 23
864 287 23
625 85 537
85 625 537
868 376 187
376 868 187
766 425 938
425 766 938
208 27 403
27 208 403
744 455 794
455 744 794
939 818 675
818 939 675
693 119 595
119 693 595
66 220 635
220 66 635
498 761 443
761 498 443
733 48 307
48 733 307
107 25 745
25 107 745
995 894 473
894 995 473
181 660 899
660 181 899
119 868 926
868 119 926
873 964 733
964 873 733
666 255 551
255 666 551
692 300 22
300 692 22
287 367 594
367 287 594
921 217 707
217 921 707
363 303 755
303 363 755
22 410 781
410 22 781
766 406 27
406 766 27
238 939 39
939 238 39
136 410 260
410 136 260
413 283 576
283 413 576
145 301 832
301 145 832
47 994 132
994 47 132
421 633 851
633 421 851
14 906 69
906 14 69
721 622 372
622 721 372
644 133 960
133 644 960
762 891 338
891 762 338
352 831 377
831 352 377
841 241 988
241 841 988
254 877 563
877 254 563
400 530 394
530 400 394
799 524 878
524 799 878
220 509 728
509 220 728
235 416 796
416 235 796
308 38 519
38 308 519
135 682 653
682 135 653
95 796 544
796 95 544
432 148 727
148 432 727
160 989 969
989 160 969
147 244 198
244 147 198
710 996 728
996 710 728
455 795 605
795 455 605
332 16 114
16 332 114
60 603 882
603 60 882
207 911 920
911 207 920
726 46 954
46 726 954
730 493 750
493 730 750
625 278 899
278 625 899
352 438 240
438 352 240
672 586 484
586 672 484
869 648 832
648 869 832
948 103 980
103 948 980
904 436 996
436 904 996
18 848 951
848 18 951
899 55 862
55 899 862
171 133 260
133 171 260
124 215 106
215 124 106
226 841 384
841 226 384
476 193 822
193 476 822
715 865 760
865 715 760
551 86 408
86 551 408
382 34 864
34 382 864
361 939 300
939 361 300
708 309 500
309 708 500
658 560 907
560 658 907
871 731 393
731 871 393
483 208 608
208 483 608
588 434 449
434 588 449
971 910 642
910 971 642
144 625 507
625 144 507
256 176 593
176 256 593
15 911 980
911 15 980
878 272 919
272 878 919
529 333 580
333 529 580
28 991 140
991 28 140
935 215 224
215 935 224
679 698 432
698 679 432
286 638 866
638 286 866
735 961 128
961 735 128
376 105 753
105 376 753
235 713 282
713 235 282
179 729 193
729 179 193
510 607 817
607 510 817
780 137 150
137 780 150
359 517 494
517 359 494
499 804 61
804 499 61
74 483 759
483 74 759
505 770 397
770 505 397
370 505 358
505 370 358
849 233 815
233 849 815
601 820 529
820 601 529
234 352 258
352 234 258
778 862 217
862 778 217
947 643 354
643 947 354
96 354 224
354 96 224
941 205 28
205 941 28
1 279 512
279 1 512
111 784 282
784 111 282
859 506 139
506 859 139
568 355 724
355 568 724
383 309 545
309 383 545
263 543 249
543 263 249
674 110 89
110 674 89
621 105 795
105 621 795
69 460 18
460 69 18
11 17 45
17 11 45
364 297 908
297 364 908
828 433 541
433 828 541
687 940 31
940 687 31
608 647 755
647 608 755
991 956 651
956 991 651
606 852 899
852 606 899
478 526 361
526 478 361
918 499 819
499 918 819
712 568 631
568 712 631
81 931 648
931 81 648
478 648 945
648 478 945
385 476 731
476 385 731
278 515 671
515 278 671
308 123 670
123 308 670
414 466 979
466 414 979
64 72 831
72 64 831
314 902 709
902 314 709
27 821 208
821 27 208
845 885 128
885 845 128
475 967 60
967 475 60
122 445 708
445 122 708
419 182 536
182 419 536
501 460 51
460 501 51
523 121 175
121 523 175
192 535 641
535 192 641
170 952 66
952 170 66
352 618 968
618 352 968
412 645 141
645 412 141
971 490 27
490 971 27
99 317 994
317 99 994
158 440 791
440 158 791
217 211 973
211 217 973
752 712 786
712 752 786
802 235 907
235 802 907
328 779 794
779 328 794
321 950 746
950 321 746
386 302 365
302 386 365
705 67 10
67 705 10
846 38 853
38 846 853
872 137 170
137 872 170
217 647 962
647 217 962
7 864 525
864 7 525
331 616 237
616 331 237
116 771 824
771 116 824
374 99 604
99 374 604
168 772 906
772 168 906
265 158 560
158 265 560
629 864 627
864 629 627
991 62 666
62 991 666
195 934 803
934 195 803
364 503 451
503 364 451
678 510 667
510 678 667
202 193 284
193 202 284
791 310 407
310 791 407
614 36 858
36 614 858
569 204 631
204 569 631
474 470 141
470 474 141
34 451 357
451 34 357
12 794 419
794 12 419
677 989 705
989 677 705
832 354 208
354 832 208
634 32 718
32 634 718
300 586 912
586 300 912
935 377 574
377 935 574
693 344 610
344 693 610
551 913 167
913 551 167
181 740 989
740 181 989
321 126 792
126 321 792
678 138 587
138 678 587
448 168 576
168 448 576
153 352 282
352 153 282
360 986 666
986 360 666
78 638 253
638 78 253
341 926 630
926 341 630
266 619 326
619 266 326
227 170 240
170 227 240
745 351 332
351 745 332
733 25 458
25 733 458
877 55 596
55 877 596
463 503 116
503 463 116
38 656 468
656 38 468
672 17 806
17 672 806
337 447 445
447 337 445
589 140 371
140 589 371
571 406 990
406 571 990
896 633 161
633 896 161
487 379 864
379 487 864
818 464 241
464 818 241
275 341 296
341 275 296
223 804 800
804 223 800
690 195 808
195 690 808
158 219 825
219 158 825
963 556 624
556 963 624
759 498 764
498 759 764
481 421 522
421 481 522
471 669 156
669 471 156
983 157 887
157 983 887
198 327 351
327 198 351
439 603 45
603 439 45
86 178 201
178 86 201
237 868 748
868 237 748
45 378 967
378 45 967
221 694 524
694 221 524
845 453 374
453 845 374
960 935 795
935 960 795
482 758 464
758 482 464
989 93 621
93 989 621
875 291 949
291 875 949
577 82 904
82 577 904
621 521 434
521 621 434
822 758 654
758 822 654
569 803 385
803 569 385
888 377 79
377 888 79
411 574 884
574 411 884
784 534 171
534 784 171
578 16 929
16 578 929
393 357 374
357 393 374
366 232 666
232 366 666
810 99 570
99 810 570
783 620 355
620 783 355
957 731 360
731 957 360
879 886 744
886 879 744
767 263 174
263 767 174
530 837 58
837 530 58
314 724 228
724 314 228
244 92 509
92 244 509
637 450 882
450 637 882
3 682 899
682 3 899
669 844 351
844 669 351
590 628 971
628 590 971
296 937 54
937 296 54
656 816 941
816 656 941
751 583 204
583 751 204
925 113 394
113 925 394
982 779 118
779 982 118
561 375 210
375 561 210
421 365 660
365 421 660
303 368 695
368 303 695
553 390 891
390 553 891
903 332 519
332 903 519
226 629 809
629 226 809
279 637 625
