0 1 271
1 0 271
1 2 605
2 1 605
2 3 922
3 2 922
3 4 488
4 3 488
4 5 736
5 4 736
5 6 282
6 5 282
6 7 162
7 6 162
7 8 192
8 7 192
8 9 595
9 8 595
9 10 249
10 9 249
10 11 324
11 10 324
11 12 625
12 11 625
12 13 619
13 12 619
13 14 378
14 13 378
14 15 851
15 14 851
15 16 572
16 15 572
16 17 396
17 16 396
17 18 189
18 17 189
18 19 995
19 18 995
19 20 666
20 19 666
20 21 850
21 20 850
21 22 915
22 21 915
22 23 471
23 22 471
23 24 910
24 23 910
24 25 541
25 24 541
25 26 720
26 25 720
26 27 839
27 26 839
27 28 740
28 27 740
28 29 449
29 28 449
29 30 62
30 29 62
30 31 604
31 30 604
31 32 71
32 31 71
32 33 18
33 32 18
33 34 878
34 33 878
34 35 558
35 34 558
35 36 753
36 35 753
36 37 159
37 36 159
37 38 72
38 37 72
38 39 945
39 38 945
39 40 105
40 39 105
40 41 672
41 40 672
41 42 268
42 41 268
42 43 81
43 42 81
43 44 642
44 43 642
44 45 646
45 44 646
45 46 283
46 45 283
46 47 213
47 46 213
47 48 41
48 47 41
48 49 824
49 48 824
49 50 560
50 49 560
50 51 58
51 50 58
51 52 673
52 51 673
52 53 474
53 52 474
53 54 528
54 53 528
54 55 582
55 54 582
55 56 367
56 55 367
56 57 247
57 56 247
57 58 420
58 57 420
58 59 458
59 58 458
59 60 47
60 59 47
60 61 833
61 60 833
61 62 61
62 61 61
62 63 118
63 62 118
63 64 850
64 63 850
64 65 938
65 64 938
65 66 27
66 65 27
66 67 603
67 66 603
67 68 448
68 67 448
68 69 98
69 68 98
69 70 547
70 69 547
70 71 904
71 70 904
71 72 121
72 71 121
72 73 166
73 72 166
73 74 336
74 73 336
74 75 762
75 74 762
75 76 163
76 75 163
76 77 619
77 76 619
77 78 975
78 77 975
78 79 203
79 78 203
79 80 442
80 79 442
80 81 886
81 80 886
81 82 612
82 81 612
82 83 466
83 82 466
83 84 359
84 83 359
84 85 139
85 84 139
85 86 400
86 85 400
86 87 725
87 86 725
87 88 737
88 87 737
88 89 171
89 88 171
89 90 182
90 89 182
90 91 784
91 90 784
91 92 4
92 91 4
92 93 595
93 92 595
93 94 253
94 93 253
94 95 853
95 94 853
95 96 532
96 95 532
96 97 279
97 96 279
97 98 807
98 97 807
98 99 332
99 98 332
99 100 729
100 99 729
100 101 705
101 100 705
101 102 235
102 101 235
102 103 849
103 102 849
103 104 871
104 103 871
104 105 571
105 104 571
105 106 611
106 105 611
106 107 33
107 106 33
107 108 541
108 107 541
108 109 937
109 108 937
109 110 588
110 109 588
110 111 334
111 110 334
111 112 822
112 111 822
112 113 199
113 112 199
113 114 799
114 113 799
114 115 180
115 114 180
115 116 690
116 115 690
116 117 550
117 116 550
117 118 257
118 117 257
118 119 426
119 118 426
119 120 721
120 119 721
120 121 790
121 120 790
121 122 209
122 121 209
122 123 724
123 122 724
123 124 384
124 123 384
124 125 461
125 124 461
125 126 928
126 125 928
126 127 268
127 126 268
127 128 92
128 127 92
128 129 87
129 128 87
129 130 599
130 129 599
130 131 820
131 130 820
131 132 791
132 131 791
132 133 185
133 132 185
133 134 20
134 133 20
134 135 661
135 134 661
135 136 107
136 135 107
136 137 982
137 136 982
137 138 46
138 137 46
138 139 647
139 138 647
139 140 918
140 139 918
140 141 985
141 140 985
141 142 980
142 141 980
142 143 739
143 142 739
143 144 535
144 143 535
144 145 131
145 144 131
145 146 271
146 145 271
146 147 224
147 146 224
147 148 680
148 147 680
148 149 879
149 148 879
149 150 650
150 149 650
150 151 752
151 150 752
151 152 668
152 151 668
152 153 210
153 152 210
153 154 827
154 153 827
154 155 404
155 154 404
155 156 23
156 155 23
156 157 107
157 156 107
157 158 671
158 157 671
158 159 114
159 158 114
159 160 193
160 159 193
160 161 621
161 160 621
161 162 285
162 161 285
162 163 983
163 162 983
163 164 157
164 163 157
164 165 656
165 164 656
165 166 996
166 165 996
166 167 264
167 166 264
167 168 638
168 167 638
168 169 393
169 168 393
169 170 262
170 169 262
170 171 555
171 170 555
171 172 377
172 171 377
172 173 594
173 172 594
173 174 646
174 173 646
174 175 911
175 174 911
175 176 76
176 175 76
176 177 268
177 176 268
177 178 135
178 177 135
178 179 107
179 178 107
179 180 498
180 179 498
180 181 136
181 180 136
181 182 859
182 181 859
182 183 517
183 182 517
183 184 697
184 183 697
184 185 685
185 184 685
185 186 920
186 185 920
186 187 719
187 186 719
187 188 791
188 187 791
188 189 942
189 188 942
189 190 184
190 189 184
190 191 335
191 190 335
191 192 914
192 191 914
192 193 820
193 192 820
193 194 318
194 193 318
194 195 71
195 194 71
195 196 476
196 195 476
196 197 313
197 196 313
197 198 686
198 197 686
198 199 113
199 198 113
199 200 57
200 199 57
200 201 299
201 200 299
201 202 19
202 201 19
202 203 433
203 202 433
203 204 892
204 203 892
204 205 16
205 204 16
205 206 343
206 205 343
206 207 319
207 206 319
207 208 635
208 207 635
208 209 829
209 208 829
209 210 426
210 209 426
210 211 132
211 210 132
211 212 316
212 211 316
212 213 284
213 212 284
213 214 1
214 213 1
214 215 13
215 214 13
215 216 320
216 215 320
216 217 920
217 216 920
217 218 83
218 217 83
218 219 463
219 218 463
219 220 214
220 219 214
220 221 267
221 220 267
221 222 797
222 221 797
222 223 127
223 222 127
223 224 438
224 223 438
224 225 466
225 224 466
225 226 549
226 225 549
226 227 913
227 226 913
227 228 130
228 227 130
228 229 234
229 228 234
229 230 377
230 229 377
230 231 186
231 230 186
231 232 885
232 231 885
232 233 748
233 232 748
233 234 618
234 233 618
234 235 128
235 234 128
235 236 763
236 235 763
236 237 313
237 236 313
237 238 447
238 237 447
238 239 750
239 238 750
239 240 493
240 239 493
240 241 872
241 240 872
241 242 233
242 241 233
242 243 809
243 242 809
243 244 507
244 243 507
244 245 233
245 244 233
245 246 821
246 245 821
246 247 178
247 246 178
247 248 505
248 247 505
248 249 255
249 248 255
249 250 992
250 249 992
250 251 718
251 250 718
251 252 521
252 251 521
252 253 141
253 252 141
253 254 844
254 253 844
254 255 959
255 254 959
255 256 606
256 255 606
256 257 393
257 256 393
257 258 223
258 257 223
258 259 736
259 258 736
259 260 978
260 259 978
260 261 952
261 260 952
261 262 273
262 261 273
262 263 214
263 262 214
263 264 699
264 263 699
264 265 891
265 264 891
265 266 342
266 265 342
266 267 813
267 266 813
267 268 555
268 267 555
268 269 788
269 268 788
269 270 562
270 269 562
270 271 47
271 270 47
271 272 659
272 271 659
272 273 795
273 272 795
273 274 855
274 273 855
274 275 517
275 274 517
275 276 379
276 275 379
276 277 27
277 276 27
277 278 694
278 277 694
278 279 883
279 278 883
279 280 634
280 279 634
280 281 38
281 280 38
281 282 600
282 281 600
282 283 154
283 282 154
283 284 178
284 283 178
284 285 796
285 284 796
285 286 464
286 285 464
286 287 783
287 286 783
287 288 540
288 287 540
288 289 39
289 288 39
289 290 870
290 289 870
290 291 869
291 290 869
291 292 990
292 291 990
292 293 143
293 292 143
293 294 83
294 293 83
294 295 40
295 294 40
295 296 385
296 295 385
296 297 424
297 296 424
297 298 852
298 297 852
298 299 939
299 298 939
299 0 211
0 299 211
136 120 912
120 136 912
143 288 290
288 143 290
221 233 173
233 221 173
154 270 772
270 154 772
260 147 919
147 260 919
75 30 458
30 75 458
113 199 327
199 113 327
154 293 409
293 154 409
293 77 184
77 293 184
45 215 394
215 45 394
62 104 966
104 62 966
173 247 54
247 173 54
62 168 187
168 62 187
134 23 358
23 134 358
258 283 705
283 258 705
76 58 187
58 76 187
186 224 539
224 186 539
112 78 32
78 112 32
172 124 910
124 172 910
55 169 77
169 55 77
100 283 581
283 100 581
265 156 980
156 265 980
170 218 949
218 170 949
8 105 472
105 8 472
65 115 407
115 65 407
243 64 361
64 243 361
129 288 899
288 129 899
293 119 283
119 293 283
165 243 544
243 165 544
272 164 972
164 272 972
72 147 905
147 72 905
89 3 884
3 89 884
259 273 832
273 259 832
268 78 655
78 268 655
85 245 61
245 85 61
159 189 926
189 159 926
220 18 866
18 220 866
270 64 785
64 270 785
252 281 680
281 252 680
47 254 344
254 47 344
119 26 391
26 119 391
23 168 346
168 23 346
6 127 320
127 6 320
290 95 650
95 290 650
244 233 96
233 244 96
205 92 685
92 205 685
282 12 255
12 282 255
35 70 437
70 35 437
39 52 116
52 39 116
87 6 460
6 87 460
258 84 202
84 258 202
281 252 900
252 281 900
39 132 571
132 39 571
81 279 220
279 81 220
26 212 667
212 26 667
283 5 703
5 283 703
69 209 565
209 69 565
104 279 353
279 104 353
144 31 469
31 144 469
231 89 280
89 231 280
189 226 833
226 189 833
222 230 732
230 222 732
13 62 302
62 13 302
95 42 874
42 95 874
121 6 540
6 121 540
104 11 595
11 104 595
121 81 904
81 121 904
237 185 183
185 237 183
90 29 867
29 90 867
158 12 508
12 158 508
289 253 986
253 289 986
21 175 617
175 21 617
5 241 431
241 5 431
158 36 825
36 158 825
283 157 732
157 283 732
75 13 443
13 75 443
69 186 676
186 69 676
272 123 414
123 272 414
154 213 243
213 154 243
172 123 308
123 172 308
280 164 461
164 280 461
238 288 734
288 238 734
243 229 165
229 243 165
153 265 341
265 153 341
137 174 72
174 137 72
212 239 867
239 212 867
125 241 906
241 125 906
0 254 960
254 0 960
266 49 585
49 266 585
89 208 365
208 89 365
6 20 482
20 6 482
244 8 216
8 244 216
239 289 732
289 239 732
92 6 72
6 92 72
281 232 144
232 281 144
193 171 362
171 193 362
226 48 903
48 226 903
49 9 44
9 49 44
15 110 628
110 15 628
156 18 344
18 156 344
214 38 177
38 214 177
158 47 744
47 158 744
97 88 475
88 97 475
190 95 899
95 190 899
171 27 394
27 171 394
117 251 755
251 117 755
95 51 9
51 95 9
79 152 218
152 79 218
222 219 328
219 222 328
201 128 646
128 201 646
296 42 337
42 296 337
272 201 36
201 272 36
16 50 824
50 16 824
142 292 371
292 142 371
240 216 751
216 240 751
233 33 554
33 233 554
39 180 505
180 39 505
148 259 110
259 148 110
181 28 746
28 181 746
134 156 743
156 134 743
130 251 79
251 130 79
103 152 466
152 103 466
171 254 290
254 171 290
13 247 660
247 13 660
6 163 762
163 6 762
239 248 315
248 239 315
279 128 820
128 279 820
127 88 929
88 127 929
144 21 409
21 144 409
141 156 218
156 141 218
136 286 969
286 136 969
166 141 573
141 166 573
32 64 127
64 32 127
121 130 474
130 121 474
32 136 537
136 32 537
94 75 385
75 94 385
60 106 914
106 60 914
179 285 102
285 179 102
159 182 675
182 159 675
220 75 931
75 220 931
137 211 270
211 137 270
5 78 563
78 5 563
77 110 428
110 77 428
283 57 930
57 283 930
67 245 466
245 67 466
213 72 203
72 213 203
274 179 116
179 274 116
205 216 569
216 205 569
117 150 243
150 117 243
37 226 526
226 37 526
174 137 795
137 174 795
231 267 357
267 231 357
60 129 136
129 60 136
215 164 145
164 215 145
44 232 90
232 44 90
10 145 763
145 10 763
171 293 480
293 171 480
77 209 48
209 77 48
194 60 642
60 194 642
283 38 167
38 283 167
209 175 313
175 209 313
140 195 22
195 140 22
200 24 509
24 200 509
167 189 654
189 167 654
212 173 95
173 212 95
222 70 209
70 222 209
86 242 2
242 86 2
265 19 664
19 265 664
264 265 576
265 264 576
157 248 114
248 157 114
176 157 741
157 176 741
288 49 736
49 288 736
161 1 713
1 161 713
270 168 854
168 270 854
175 80 627
80 175 627
121 54 249
54 121 249
130 192 891
192 130 891
131 209 662
209 131 662
225 278 74
278 225 74
83 278 187
278 83 187
11 135 280
135 11 280
299 236 367
236 299 367
213 289 79
289 213 79
235 210 284
210 235 284
110 290 262
290 110 262
231 97 511
97 231 511
61 41 401
41 61 401
245 251 415
251 245 415
143 176 193
176 143 193
117 11 872
11 117 872
255 22 459
22 255 459
134 74 948
74 134 948
1 287 937
287 1 937
179 222 147
222 179 147
115 84 290
84 115 290
176 15 239
15 176 239
186 129 880
129 186 880
139 126 283
126 139 283
53 269 860
269 53 860
297 138 71
138 297 71
220 94 546
94 220 546
279 228 520
228 279 520
78 229 659
229 78 659
114 161 81
161 114 81
276 264 655
264 276 655
152 31 893
31 152 893
91 160 124
160 91 124
230 38 407
38 230 407
35 8 618
8 35 618
32 146 688
146 32 688
5 240 233
240 5 233
36 221 104
221 36 104
114 150 762
150 114 762
280 63 194
63 280 194
93 39 158
39 93 158
299 244 742
244 299 742
291 35 754
35 291 754
267 17 193
17 267 193
73 104 553
104 73 553
290 188 51
188 290 51
29 193 444
193 29 444
214 229 765
229 214 765
69 43 767
43 69 767
131 76 931
76 131 931
124 169 722
169 124 722
134 221 166
221 134 166
227 264 853
264 227 853
21 224 557
224 21 557
125 276 99
276 125 99
14 279 681
279 14 681
207 222 495
222 207 495
189 138 116
138 189 116
232 204 147
204 232 147
8 86 724
86 8 724
230 8 810
8 230 810
151 225 637
225 151 637
167 178 217
178 167 217
99 251 342
251 99 342
207 77 370
77 207 370
6 143 449
143 6 449
186 102 323
102 186 323
32 291 961
291 32 961
247 224 718
224 247 718
46 284 404
284 46 404
21 266 812
266 21 812
130 169 738
169 130 738
166 37 868
37 166 868
134 188 771
188 134 771
95 299 798
299 95 798
153 142 598
142 153 598
39 245 273
245 39 273
123 236 585
236 123 585
123 212 302
212 123 302
169 249 58
249 169 58
190 267 869
267 190 869
20 189 958
189 20 958
238 226 177
226 238 177
72 166 948
166 72 948
100 261 547
261 100 547
49 167 642
167 49 642
198 206 639
206 198 639
170 82 375
82 170 375
207 205 440
205 207 440
108 74 841
74 108 841
65 16 208
16 65 208
86 88 297
88 86 297
95 78 975
78 95 975
272 150 741
150 272 741
71 2 355
2 71 355
169 103 322
103 169 322
162 54 180
54 162 180
100 276 962
276 100 962
27 183 519
183 27 519
166 44 145
44 166 145
58 109 561
109 58 561
247 0 415
0 247 415
43 78 741
78 43 741
67 281 834
281 67 834
190 35 188
35 190 188
111 191 861
191 111 861
274 245 392
245 274 392
74 221 706
221 74 706
153 105 224
105 153 224
19 149 369
149 19 369
129 10 281
10 129 281
47 10 282
10 47 282
261 105 912
105 261 912
201 224 745
224 201 745
34 114 781
114 34 781
73 277 872
277 73 872
251 68 478
68 251 478
78 289 535
289 78 535
231 146 758
146 231 758
3 47 478
47 3 478
132 110 111
110 132 111
120 43 993
43 120 993
277 154 495
154 277 495
201 51 181
51 201 181
67 231 407
231 67 407
44 54 492
54 44 492
48 174 321
174 48 321
126 215 207
215 126 207
57 62 317
62 57 317
112 109 794
109 112 794
245 271 904
271 245 904
176 91 647
91 176 647
69 120 654
120 69 654
215 21 405
21 215 405
147 140 288
140 147 288
153 185 394
185 153 394
97 233 320
233 97 320
17 111 835
111 17 835
276 220 597
220 276 597
92 33 759
33 92 759
185 30 930
30 185 930
41 206 474
206 41 474
239 275 994
275 239 994
44 242 768
242 44 768
200 90 708
90 200 708
287 243 993
243 287 993
232 40 978
40 232 978
51 110 989
110 51 989
86 9 835
9 86 835
178 94 593
94 178 593
124 174 109
174 124 109
30 247 401
247 30 401
58 192 345
192 58 345
0 159 46
159 0 46
90 267 385
267 90 385
34 11 470
11 34 470
126 289 873
289 126 873
236 129 759
129 236 759
74 190 946
190 74 946
4 284 890
284 4 890
120 108 764
108 120 764
80 191 463
191 80 463
280 249 156
249 280 156
225 1 967
1 225 967
122 92 134
92 122 134
6 178 646
178 6 646
175 4 135
4 175 135
200 293 316
293 200 316
10 67 507
67 10 507
55 72 391
72 55 391
45 244 852
244 45 852
260 24 143
24 260 143
123 5 644
5 123 644
230 282 945
282 230 945
196 104 437
104 196 437
110 66 28
66 110 28
38 71 514
71 38 514
238 116 829
116 238 829
248 235 335
235 248 335
56 59 726
59 56 726
153 55 929
55 153 929
113 80 71
80 113 71
288 137 714
137 288 714
218 119 10
119 218 10
167 275 799
275 167 799
137 264 977
264 137 977
175 87 490
87 175 490
165 203 670
203 165 670
166 139 5
139 166 5
274 250 82
250 274 82
127 6 10
6 127 10
240 138 432
138 240 432
229 275 497
275 229 497
199 146 506
146 199 506
66 121 304
121 66 304
115 258 169
258 115 169
43 186 456
186 43 456
32 103 912
103 32 912
2 21 203
21 2 203
258 295 753
295 258 753
139 122 911
122 139 911
200 115 649
115 200 649
131 96 724
96 131 724
79 295 22
295 79 22
114 142 41
142 114 41
281 153 561
153 281 561
25 39 368
39 25 368
57 194 279
194 57 279
111 216 833
216 111 833
69 211 938
211 69 938
260 86 848
86 260 848
212 253 497
253 212 497
43 49 572
49 43 572
174 96 946
96 174 946
159 262 788
262 159 788
51 244 241
244 51 241
11 269 332
269 11 332
178 78 227
78 178 227
190 42 242
42 190 242
11 5 179
5 11 179
24 143 379
143 24 379
236 148 875
148 236 875
32 249 798
249 32 798
206 46 743
46 206 743
117 60 883
60 117 883
168 4 475
4 168 475
179 273 807
273 179 807
110 52 385
52 110 385
19 294 679
294 19 679
12 5 984
5 12 984
43 81 780
81 43 780
121 18 228
18 121 228
95 50 678
50 95 678
244 256 276
256 244 276
187 74 536
74 187 536
221 294 993
294 221 993
95 174 766
174 95 766
201 36 870
36 201 870
237 107 64
107 237 64
15 119 322
119 15 322
151 162 503
162 151 503
130 35 773
35 130 773
9 130 623
130 9 623
138 127 832
127 138 832
13 66 858
66 13 858
1 287 552
287 1 552
293 82 678
82 293 678
36 165 681
165 36 681
273 272 96
272 273 96
289 92 769
92 289 769
192 6 624
6 192 624
74 42 396
42 74 396
83 224 371
224 83 371
222 103 554
103 222 554
287 169 411
169 287 411
288 156 314
156 288 314
281 291 344
291 281 344
27 208 125
208 27 125
52 233 572
233 52 572
93 77 341
77 93 341
285 83 964
83 285 964
59 177 711
177 59 711
143 154 81
154 143 81
117 257 634
257 117 634
104 127 396
127 104 396
93 35 62
35 93 62
126 26 757
26 126 757
170 53 817
53 170 817
294 158 550
158 294 550
66 251 827
251 66 827
258 237 263
237 258 263
121 296 592
296 121 592
31 191 546
191 31 546
64 8 56
8 64 56
197 113 235
113 197 235
145 258 670
258 145 670
6 84 249
84 6 249
262 255 554
255 262 554
230 1 12
1 230 12
119 63 859
63 119 859
77 0 473
0 77 473
250 48 65
48 250 65
282 240 962
240 282 962
98 248 17
248 98 17
295 113 251
113 295 251
192 71 273
71 192 273
198 208 521
208 198 521
212 163 74
163 212 74
195 164 86
164 195 86
275 36 301
36 275 301
85 113 801
113 85 801
258 64 749
64 258 749
122 98 789
98 122 789
235 196 990
196 235 990
152 243 955
243 152 955
154 136 527
136 154 527
278 86 235
86 278 235
198 51 350
51 198 350
124 246 266
246 124 266
273 101 762
101 273 762
58 215 562
215 58 562
68 31 662
31 68 662
242 129 803
129 242 803
178 25 792
25 178 792
82 20 98
20 82 98
236 208 624
208 236 624
215 295 210
295 215 210
165 98 559
98 165 559
289 44 177
44 289 177
150 69 478
69 150 478
179 244 425
244 179 425
248 275 87
275 248 87
190 104 889
104 190 889
68 181 32
181 68 32
150 254 129
254 150 129
139 162 105
162 139 105
106 157 314
157 106 314
271 7 225
7 271 225
261 51 401
51 261 401
163 172 230
172 163 230
27 52 175
52 27 175
251 52 502
52 251 502
137 242 859
242 137 859
177 63 792
63 177 792
160 265 446
265 160 446
41 104 409
104 41 409
145 210 918
210 145 918
210 234 826
234 210 826
86 247 429
247 86 429
138 110 802
110 138 802
220 137 706
137 220 706
89 257 248
257 89 248
278 251 106
251 278 106
208 14 898
14 208 898
68 280 343
280 68 343
161 136 103
136 161 103
58 99 21
99 58 21
33 145 108
145 33 108
280 73 99
73 280 99
142 174 319
174 142 319
280 131 65
131 280 65
121 88 664
88 121 664
151 40 770
40 151 770
59 54 19
54 59 19
180 86 713
86 180 713
41 275 816
275 41 816
152 74 836
74 152 836
173 107 33
107 173 33
280 139 306
139 280 306
30 281 733
281 30 733
248 13 864
13 248 864
164 134 5
134 164 5
28 286 545
286 28 545
49 97 651
97 49 651
267 277 290
277 267 290
231 71 165
71 231 165
98 223 739
223 98 739
285 96 498
96 285 498
128 36 176
36 128 176
159 69 908
69 159 908
159 83 123
83 159 123
24 217 127
217 24 127
52 255 671
255 52 671
101 53 674
53 101 674
120 82 963
82 120 963
51 153 127
153 51 127
150 128 217
128 150 217
187 276 714
276 187 714
205 157 602
157 205 602
80 68 671
68 80 671
39 227 854
227 39 854
161 251 224
251 161 224
288 55 79
55 288 79
210 156 32
156 210 32
283 28 67
28 283 67
80 271 76
271 80 76
282 100 644
100 282 644
169 128 357
128 169 357
126 285 310
285 126 310
206 105 981
105 206 981
245 33 186
33 245 186
159 36 409
36 159 409
144 187 210
187 144 210
52 170 846
170 52 846
81 236 443
236 81 443
213 208 871
208 213 871
247 60 514
60 247 514
116 240 223
240 116 223
295 226 532
226 295 532
201 83 864
83 201 864
199 116 50
116 199 50
58 205 810
205 58 810
257 49 649
49 257 649
66 101 520
101 66 520
211 234 808
234 211 808
206 147 768
147 206 768
76 94 680
94 76 680
41 263 121
263 41 121
63 258 99
258 63 99
47 211 882
211 47 882
110 162 551
162 110 551
11 220 556
220 11 556
221 229 57
229 221 57
69 296 210
296 69 210
140 259 645
259 140 645
200 165 944
165 200 944
219 293 539
293 219 539
299 35 654
35 299 654
19 150 12
150 19 12
197 274 251
274 197 251
60 137 801
137 60 801
71 57 708
57 71 708
44 39 116
39 44 116
166 35 326
35 166 326
58 294 322
294 58 322
10 160 265
160 10 265
230 205 155
205 230 155
281 240 808
240 281 808
70 121 541
121 70 541
45 271 553
271 45 553
182 124 77
124 182 77
291 183 273
183 291 273
30 199 439
199 30 439
117 24 150
24 117 150
164 297 860
297 164 860
76 161 690
161 76 690
281 116 671
116 281 671
274 175 923
175 274 923
117 246 544
246 117 544
209 43 768
43 209 768
62 277 144
277 62 144
38 20 227
20 38 227
110 103 426
103 110 426
101 220 302
220 101 302
150 136 499
136 150 499
209 212 313
212 209 313
251 194 281
194 251 281
273 168 56
168 273 56
48 285 354
285 48 354
243 194 349
194 243 349
110 8 326
8 110 326
46 298 781
298 46 781
209 101 558
101 209 558
10 73 860
73 10 860
210 57 422
57 210 422
122 221 225
221 122 225
201 98 37
98 201 37
57 198 474
198 57 474
262 141 621
141 262 621
263 4 29
4 263 29
188 157 128
157 188 128
238 289 837
289 238 837
39 299 299
299 39 299
165 158 663
158 165 663
267 83 502
83 267 502
189 260 271
260 189 271
90 110 659
110 90 659
199 8 133
8 199 133
214 149 105
149 214 105
177 153 133
153 177 133
117 63 612
63 117 612
104 299 648
299 104 648
103 297 265
297 103 265
13 259 792
259 13 792
281 95 294
95 281 294
222 107 564
107 222 564
64 217 574
217 64 574
16 277 58
277 16 58
230 126 162
126 230 162
159 32 647
32 159 647
276 147 258
147 276 258
84 3 58
3 84 58
284 159 507
159 284 507
48 172 619
172 48 619
292 153 166
153 292 166
185 127 373
127 185 373
200 192 642
192 200 642
273 208 419
208 273 419
131 190 497
190 131 497
44 49 81
49 44 81
190 77 928
77 190 928
100 214 984
214 100 984
9 198 343
198 9 343
215 298 15
298 215 15
185 290 721
290 185 721
250 227 200
227 250 200
174 179 792
179 174 792
205 251 34
251 205 34
36 141 531
141 36 531
132 242 963
242 132 963
75 72 243
72 75 243
175 286 226
286 175 226
236 67 652
67 236 652
286 133 90
133 286 90
29 105 340
105 29 340
256 205 315
205 256 315
136 196 282
196 136 282
41 200 668
200 41 668
129 41 550
41 129 550
13 36 512
36 13 512
88 108 754
108 88 754
15 146 979
146 15 979
82 297 956
297 82 956
68 183 45
183 68 45
149 288 736
288 149 736
106 193 402
193 106 402
294 142 684
142 294 684
87 94 351
94 87 351
268 135 900
135 268 900
281 223 411
223 281 411
70 31 517
31 70 517
137 229 847
229 137 847
89 11 745
11 89 745
132 79 41
79 132 41
281 67 776
67 281 776
139 13 178
13 139 178
185 207 213
207 185 213
1 214 41
214 1 41
188 113 875
113 188 875
75 96 396
96 75 396
291 233 26
233 291 26
138 22 789
22 138 789
34 18 73
18 34 73
113 10 207
10 113 207
232 286 346
286 232 346
297 15 332
15 297 332
256 27 356
27 256 356
257 293 749
293 257 749
198 106 623
106 198 623
62 233 819
233 62 819
9 277 752
277 9 752
186 167 727
167 186 727
75 201 697
201 75 697
199 66 708
66 199 708
5 50 846
50 5 846
3 48 161
48 3 161
186 56 40
56 186 40
93 66 833
66 93 833
241 264 791
264 241 791
63 78 324
78 63 324
281 87 301
87 281 301
274 119 164
119 274 164
101 20 860
20 101 860
0 138 919
138 0 919
58 189 764
189 58 764
113 289 276
289 113 276
45 214 597
214 45 597
111 98 139
98 111 139
127 88 302
88 127 302
205 12 636
12 205 636
293 264 73
264 293 73
19 84 588
84 19 588
120 156 799
156 120 799
172 47 718
47 172 718
282 236 833
236 282 833
147 277 109
277 147 109
250 74 423
74 250 423
147 186 922
186 147 922
285 13 562
13 285 562
238 271 174
271 238 174
225 16 791
16 225 791
149 35 327
35 149 327
236 207 435
207 236 435
235 131 82
131 235 82
152 114 70
114 152 70
84 13 899
13 84 899
144 264 74
264 144 74
163 259 141
259 163 141
148 24 702
24 148 702
138 47 228
47 138 228
64 63 370
63 64 370
265 98 696
98 265 696
202 5 482
5 202 482
137 163 442
163 137 442
184 177 769
177 184 769
183 22 433
22 183 433
256 141 296
141 256 296
281 95 44
95 281 44
282 234 192
234 282 192
261 50 555
50 261 555
130 15 706
15 130 706
77 269 563
269 77 563
259 106 952
106 259 952
174 199 955
199 174 955
58 77 724
77 58 724
293 99 508
99 293 508
249 240 156
240 249 156
216 273 651
273 216 651
12 7 337
7 12 337
103 269 839
269 103 839
9 99 207
99 9 207
14 229 76
229 14 76
77 188 883
188 77 883
28 62 482
62 28 482
35 172 211
172 35 211
110 166 810
166 110 810
269 167 202
167 269 202
24 136 175
136 24 175
227 148 783
148 227 783
63 3 604
3 63 604
54 12 303
12 54 303
60 27 632
27 60 632
35 156 72
156 35 72
169 236 186
236 169 186
271 210 214
210 271 214
133 76 376
76 133 376
103 295 929
295 103 929
179 131 104
131 179 104
106 31 238
31 106 238
222 34 841
34 222 841
276 47 495
47 276 495
88 126 479
126 88 479
123 282 902
282 123 902
293 270 88
270 293 88
196 294 398
294 196 398
261 127 726
127 261 726
236 282 921
282 236 921
165 162 705
162 165 705
20 135 310
135 20 310
242 222 502
222 242 502
270 269 348
269 270 348
58 147 178
147 58 178
234 181 80
181 234 80
279 151 167
151 279 167
175 145 916
145 175 916
188 273 641
273 188 641
125 7 913
7 125 913
169 168 115
168 169 115
190 56 424
56 190 424
184 278 277
278 184 277
207 299 624
299 207 624
265 146 802
146 265 802
251 79 881
79 251 881
230 198 958
198 230 958
76 13 47
13 76 47
101 105 472
105 101 472
108 169 866
169 108 866
30 38 980
38 30 980
272 94 403
94 272 403
124 78 16
78 124 16
123 53 834
53 123 834
21 154 285
154 21 285
100 86 116
86 100 116
30 284 73
284 30 73
158 297 119
297 158 119
154 141 621
141 154 621
24 158 651
158 24 651
62 237 975
237 62 975
208 291 583
291 208 583
32 121 599
121 32 599
207 175 432
175 207 432
228 81 716
81 228 716
80 168 183
168 80 183
162 204 608
204 162 608
21 202 78
202 21 78
32 108 372
108 32 372
204 132 530
132 204 530
106 194 20
194 106 20
280 154 911
154 280 911
63 186 185
186 63 185
13 145 112
145 13 112
44 125 493
125 44 493
211 205 913
205 211 913
146 120 418
120 146 418
193 71 583
71 193 583
277 179 954
179 277 954
182 64 836
64 182 836
40 10 855
10 40 855
21 165 117
165 21 117
136 103 301
103 136 301
201 249 412
249 201 412
245 74 257
74 245 257
208 32 521
32 208 521
106 204 290
204 106 290
111 97 313
97 111 313
194 74 645
74 194 645
299 8 909
8 299 909
49 118 989
118 49 989
122 283 106
283 122 106
10 139 758
139 10 758
211 88 522
88 211 522
208 214 130
214 208 130
116 298 2
298 116 2
275 202 292
202 275 292
86 299 956
299 86 956
280 126 600
126 280 600
32 134 508
134 32 508
266 183 479
183 266 479
7 57 114
57 7 114
264 67 553
67 264 553
121 278 441
278 121 441
194 186 508
186 194 508
123 55 6
55 123 6
225 30 61
30 225 61
68 116 160
116 68 160
23 149 938
149 23 938
75 181 273
181 75 273
234 199 808
199 234 808
212 206 466
206 212 466
226 222 785
222 226 785
130 96 764
96 130 764
290 149 231
149 290 231
166 256 588
256 166 588
143 286 648
286 143 648
155 59 587
59 155 587
96 61 490
61 96 490
20 296 989
296 20 989
128 260 648
260 128 648
45 238 922
238 45 922
29 69 218
69 29 218
44 192 761
192 44 761
246 222 327
222 246 327
202 261 270
261 202 270
241 109 233
109 241 233
148 168 819
168 148 819
204 16 333
16 204 333
193 37 281
37 193 281
133 217 141
217 133 141
32 14 732
14 32 732
206 95 901
95 206 901
123 140 793
140 123 793
135 138 267
138 135 267
261 40 680
40 261 680
282 33 389
33 282 389
214 181 609
181 214 609
185 137 278
137 185 278
269 82 315
82 269 315
49 268 584
268 49 584
141 0 198
0 141 198
172 258 645
258 172 645
272 134 337
134 272 337
269 274 435
274 269 435
231 67 115
67 231 115
265 100 855
100 265 855
180 34 816
34 180 816
117 171 93
171 117 93
86 254 407
254 86 407
187 222 342
222 187 342
28 274 891
274 28 891
201 233 535
233 201 535
173 67 224
67 173 224
242 36 598
36 242 598
276 19 165
19 276 165
42 285 518
285 42 518
249 217 652
217 249 652
164 86 723
86 164 723
156 224 729
224 156 729
111 250 556
250 111 556
139 225 446
225 139 446
40 210 332
210 40 332
266 277 555
277 266 555
208 65 505
65 208 505
236 137 669
137 236 669
31 174 538
174 31 538
280 91 541
91 280 541
144 229 616
229 144 616
0 153 344
153 0 344
14 264 295
264 14 295
21 103 372
103 21 372
118 144 682
144 118 682
249 162 511
162 249 511
70 127 161
127 70 161
58 264 181
264 58 181
89 190 719
190 89 719
69 33 611
33 69 611
213 262 226
262 213 226
265 115 570
115 265 570
31 131 216
131 31 216
52 235 939
235 52 939
222 131 972
131 222 972
172 45 834
45 172 834
228 115 861
115 228 861
40 173 178
173 40 178
120 263 820
263 120 820
90 84 154
84 90 154
101 298 216
298 101 216
226 15 284
15 226 284
247 47 715
47 247 715
114 151 402
151 114 402
104 74 485
74 104 485
75 298 730
298 75 730
108 278 697
278 108 697
21 18 823
18 21 823
250 138 886
138 250 886
69 281 622
281 69 622
274 82 20
82 274 20
90 60 988
60 90 988
60 34 892
34 60 892
174 237 646
237 174 646
31 63 130
63 31 130
106 61 212
61 106 212
267 39 908
39 267 908
109 229 243
229 109 243
0 66 64
66 0 64
281 288 39
288 281 39
115 259 581
259 115 581
175 246 406
246 175 406
287 32 649
32 287 649
162 22 294
22 162 294
193 85 424
85 193 424
51 147 987
147 51 987
70 238 894
238 70 894
48 175 405
175 48 405
100 241 469
241 100 469
81 281 507
281 81 507
248 241 87
241 248 87
123 239 844
239 123 844
163 24 492
24 163 492
25 46 786
46 25 786
270 131 561
131 270 561
73 30 547
30 73 547
144 269 792
269 144 792
6 69 767
69 6 767
263 169 61
169 263 61
31 2 942
2 31 942
289 250 135
250 289 135
227 125 275
125 227 275
270 288 951
288 270 951
213 65 797
65 213 797
150 87 980
87 150 980
210 161 811
161 210 811
108 57 580
57 108 580
115 0 119
0 115 119
78 221 179
221 78 179
161 223 121
223 161 121
150 173 255
173 150 255
129 50 881
50 129 881
99 39 831
39 99 831
65 104 979
104 65 979
215 192 959
192 215 959
178 105 769
105 178 769
38 214 700
214 38 700
290 81 500
81 290 500
209 212 721
212 209 721
87 73 796
73 87 796
207 276 921
276 207 921
14 105 671
105 14 671
294 257 810
257 294 810
277 22 967
22 277 967
255 289 11
289 255 11
165 219 968
219 165 968
233 10 82
10 233 82
0 214 936
214 0 936
209 126 656
126 209 656
49 252 803
252 49 803
256 228 723
228 256 723
22 33 394
33 22 394
69 42 555
42 69 555
46 64 521
64 46 521
53 106 883
106 53 883
219 77 850
77 219 850
204 87 283
87 204 283
189 140 98
140 189 98
224 101 724
101 224 724
232 150 928
150 232 928
186 159 556
159 186 556
181 41 755
41 181 755
250 83 309
83 250 309
48 200 182
200 48 182
154 6 416
6 154 416
125 135 266
135 125 266
29 275 548
275 29 548
270 115 997
115 270 997
195 216 73
216 195 73
179 119 1000
119 179 1000
65 278 556
278 65 556
26 211 49
211 26 49
180 162 332
162 180 332
241 262 232
262 241 232
274 116 890
116 274 890
289 241 778
241 289 778
206 271 553
271 206 553
106 241 820
241 106 820
202 188 488
188 202 488
74 119 7
119 74 7
26 237 837
237 26 837
233 263 649
263 233 649
181 196 611
196 181 611
212 189 573
189 212 573
196 215 990
215 196 990
185 204 283
204 185 283
62 163 854
163 62 854
266 269 948
269 266 948
285 171 688
171 285 688
273 298 560
298 273 560
24 296 317
296 24 317
257 11 965
11 257 965
190 259 927
259 190 927
102 148 851
148 102 851
298 63 192
63 298 192
236 20 475
20 236 475
50 183 680
183 50 680
17 152 979
152 17 979
2 75 667
75 2 667
27 125 578
125 27 578
107 201 426
201 107 426
75 158 637
158 75 637
91 48 97
48 91 97
17 203 997
203 17 997
219 253 361
253 219 361
111 241 33
241 111 33
37 292 716
292 37 716
216 61 420
61 216 420
95 115 447
115 95 447
143 272 991
272 143 991
2 173 768
173 2 768
129 84 756
84 129 756
184 251 690
251 184 690
87 100 409
100 87 409
93 12 672
12 93 672
34 244 409
244 34 409
78 111 826
111 78 826
139 130 573
130 139 573
7 276 986
276 7 986
150 248 328
248 150 328
204 122 95
122 204 95
33 258 850
258 33 850
142 53 195
53 142 195
230 205 955
205 230 955
23 217 979
217 23 979
109 161 387
161 109 387
188 272 564
272 188 564
154 135 635
135 154 635
182 272 137
272 182 137
131 199 241
199 131 241
5 245 926
245 5 926
263 295 431
295 263 431
105 100 977
100 105 977
87 5 932
5 87 932
162 222 910
222 162 910
272 135 648
135 272 648
160 159 212
159 160 212
239 65 699
65 239 699
274 247 172
247 274 172
262 130 323
130 262 323
103 135 569
135 103 569
80 150 16
150 80 16
11 8 516
8 11 516
287 147 973
147 287 973
270 10 947
10 270 947
31 34 734
34 31 734
279 246 993
246 279 993
190 185 210
185 190 210
40 211 557
211 40 557
111 174 788
174 111 788
134 29 975
29 134 975
102 109 778
109 102 778
169 120 438
120 169 438
36 160 885
160 36 885
130 146 655
146 130 655
162 180 740
180 162 740
193 126 84
126 193 84
135 64 293
64 135 293
175 275 201
275 175 201
287 149 988
149 287 988
173 230 315
230 173 315
27 40 92
40 27 92
196 212 529
212 196 529
232 124 765
124 232 765
192 255 712
255 192 712
298 169 44
169 298 44
137 114 223
114 137 223
220 249 187
249 220 187
64 124 862
124 64 862
164 111 664
111 164 664
52 36 894
36 52 894
18 63 486
63 18 486
109 11 99
11 109 99
189 243 423
243 189 423
53 187 730
187 53 730
116 185 551
185 116 551
60 22 65
22 60 65
234 294 14
294 234 14
120 58 839
58 120 839
33 223 502
223 33 502
148 27 291
27 148 291
194 45 354
45 194 354
206 265 630
265 206 630
147 260 53
260 147 53
252 148 134
148 252 134
69 33 37
33 69 37
181 108 101
108 181 101
115 102 467
102 115 467
287 213 657
213 287 657
20 136 158
136 20 158
221 163 800
163 221 800
260 153 895
153 260 895
166 170 525
170 166 525
13 130 929
130 13 929
265 278 414
278 265 414
86 64 450
64 86 450
267 172 551
172 267 551
134 26 17
26 134 17
173 239 673
239 173 673
246 127 182
127 246 182
167 42 982
42 167 982
282 2 487
2 282 487
128 220 257
220 128 257
252 233 139
233 252 139
32 251 570
251 32 570
146 89 634
89 146 634
147 109 158
109 147 158
97 243 736
243 97 736
265 117 376
117 265 376
289 63 455
63 289 455
23 282 898
282 23 898
256 264 652
264 256 652
42 92 673
92 42 673
50 97 558
97 50 558
188 181 909
181 188 909
57 79 799
79 57 799
227 259 400
259 227 400
76 202 136
202 76 136
94 71 863
71 94 863
135 186 669
186 135 669
158 168 566
168 158 566
166 184 218
184 166 218
260 29 242
29 260 242
62 126 799
126 62 799
251 59 60
59 251 60
60 139 210
139 60 210
155 118 969
118 155 969
106 194 623
194 106 623
40 194 956
194 40 956
132 224 487
224 132 487
1 241 254
241 1 254
237 110 314
110 237 314
266 51 629
51 266 629
144 102 280
102 144 280
204 161 892
161 204 892
95 122 99
122 95 99
213 290 706
290 213 706
159 112 799
112 159 799
200 58 107
58 200 107
128 191 731
191 128 731
214 244 624
244 214 624
219 181 735
181 219 735
185 148 438
148 185 438
213 292 940
292 213 940
244 248 853
248 244 853
87 43 975
43 87 975
86 8 65
8 86 65
191 168 130
168 191 130
41 120 440
120 41 440
247 0 883
0 247 883
77 266 627
266 77 627
253 186 561
186 253 561
187 123 161
123 187 161
224 36 405
36 224 405
116 32 854
32 116 854
119 248 644
248 119 644
205 257 60
257 205 60
148 177 541
177 148 541
190 49 981
49 190 981
137 49 215
49 137 215
267 15 194
15 267 194
220 253 754
253 220 754
159 76 266
76 159 266
135 164 670
164 135 670
251 196 523
196 251 523
120 16 424
16 120 424
215 273 681
273 215 681
226 122 458
122 226 458
19 64 259
64 19 259
251 253 708
253 251 708
265 220 675
220 265 675
58 192 581
192 58 581
163 51 509
51 163 509
187 73 599
73 187 599
190 269 473
269 190 473
10 37 896
37 10 896
277 11 928
11 277 928
256 185 737
185 256 737
275 1 995
1 275 995
226 254 54
254 226 54
191 175 81
175 191 81
119 260 366
260 119 366
171 168 295
168 171 295
293 44 501
44 293 501
15 168 164
168 15 164
52 264 693
264 52 693
115 143 149
143 115 149
52 180 424
180 52 424
53 174 202
174 53 202
60 228 346
228 60 346
235 108 48
108 235 48
106 120 413
120 106 413
277 40 59
40 277 59
139 34 303
34 139 303
140 49 724
49 140 724
203 153 40
153 203 40
47 21 283
21 47 283
96 125 263
125 96 263
171 179 590
179 171 590
173 239 970
239 173 970
118 226 430
226 118 430
65 84 550
84 65 550
229 114 190
114 229 190
253 175 843
175 253 843
93 276 566
276 93 566
48 130 605
130 48 605
96 203 240
203 96 240
244 28 502
28 244 502
115 259 443
259 115 443
288 250 412
250 288 412
106 228 841
228 106 841
223 13 390
13 223 390
153 127 932
127 153 932
293 80 807
80 293 807
35 226 684
226 35 684
253 26 966
26 253 966
9 174 321
174 9 321
48 118 949
118 48 949
2 234 661
234 2 661
44 274 11
274 44 11
156 133 792
133 156 792
248 56 957
56 248 957
38 261 584
261 38 584
21 254 516
254 21 516
127 42 394
42 127 394
262 47 373
47 262 373
279 108 947
108 279 947
199 209 818
209 199 818
200 211 404
211 200 404
160 7 678
7 160 678
122 215 663
215 122 663
164 271 822
271 164 822
254 232 757
232 254 757
275 239 625
239 275 625
154 33 18
33 154 18
117 132 390
132 117 390
240 188 1
188 240 1
149 205 701
205 149 701
112 260 413
260 112 413
172 289 487
289 172 487
87 152 353
152 87 353
3 123 526
123 3 526
257 107 283
107 257 283
232 98 907
98 232 907
87 183 276
183 87 276
256 15 18
15 256 18
156 8 58
8 156 58
256 209 915
209 256 915
8 74 175
74 8 175
220 246 464
246 220 464
59 85 416
85 59 416
211 89 91
89 211 91
188 46 699
46 188 699
270 31 249
31 270 249
228 170 933
170 228 933
256 178 500
178 256 500
273 34 108
34 273 108
230 43 670
43 230 670
144 51 244
51 144 244
70 272 590
272 70 590
233 83 875
83 233 875
1 294 164
294 1 164
243 234 863
234 243 863
293 205 946
205 293 946
185 15 327
15 185 327
141 193 826
193 141 826
166 279 286
279 166 286
148 22 955
22 148 955
292 74 198
74 292 198
114 98 139
98 114 139
48 181 13
181 48 13
101 227 529
227 101 529
44 161 743
161 44 743
38 118 688
118 38 688
232 56 155
56 232 155
158 249 400
249 158 400
183 116 279
116 183 279
120 264 354
264 120 354
74 9 180
9 74 180
223 123 430
123 223 430
161 223 263
223 161 263
26 24 190
24 26 190
206 121 303
121 206 303
200 159 274
159 200 274
287 91 382
91 287 382
193 1 831
1 193 831
184 246 323
246 184 323
5 211 676
211 5 676
131 220 207
220 131 207
55 95 636
95 55 636
268 19 898
19 268 898
294 95 439
95 294 439
252 216 94
216 252 94
152 127 367
127 152 367
191 270 748
270 191 748
84 271 930
271 84 930
128 156 477
156 128 477
251 213 340
213 251 340
278 44 312
44 278 312
285 151 607
151 285 607
120 25 519
25 120 519
166 121 309
121 166 309
119 89 402
89 119 402
23 217 120
217 23 120
267 187 219
187 267 219
103 159 149
159 103 149
232 67 625
67 232 625
183 280 964
280 183 964
76 26 747
26 76 747
228 32 720
32 228 720
100 110 590
110 100 590
266 231 898
231 266 898
137 72 300
72 137 300
213 289 771
289 213 771
180 229 990
229 180 990
283 88 138
88 283 138
215 155 114
155 215 114
150 187 429
187 150 429
64 263 55
263 64 55
243 286 282
286 243 282
43 96 223
96 43 223
62 79 121
79 62 121
251 152 772
152 251 772
164 193 542
193 164 542
96 122 883
122 96 883
80 262 20
262 80 20
47 169 485
169 47 485
250 56 913
56 250 913
14 72 967
72 14 967
276 67 606
67 276 606
10 111 154
111 10 154
132 225 186
225 132 186
104 176 138
176 104 138
75 93 683
93 75 683
69 189 858
189 69 858
151 21 420
21 151 420
223 121 290
121 223 290
107 71 398
71 107 398
272 85 970
85 272 970
90 61 538
61 90 538
195 123 901
123 195 901
256 225 735
225 256 735
60 153 224
153 60 224
188 298 258
298 188 258
9 240 115
240 9 115
212 261 887
261 212 887
135 82 176
82 135 176
295 153 573
153 295 573
267 290 895
290 267 895
57 104 432
104 57 432
5 227 684
227 5 684
206 235 361
235 206 361
192 48 166
48 192 166
167 236 365
236 167 365
24 297 257
297 24 257
291 209 518
209 291 518
277 45 953
45 277 953
204 92 658
92 204 658
128 59 549
59 128 549
122 168 805
168 122 805
5 173 832
173 5 832
240 79 668
79 240 668
100 23 468
23 100 468
166 190 104
190 166 104
282 215 453
215 282 453
38 206 162
206 38 162
107 235 659
235 107 659
11 139 151
139 11 151
69 19 110
19 69 110
169 142 31
142 169 31
199 103 557
103 199 557
140 235 224
235 140 224
292 258 691
258 292 691
210 149 146
149 210 146
192 116 950
116 192 950
282 74 112
74 282 112
142 9 770
9 142 770
153 200 921
200 153 921
274 219 382
219 274 382
143 113 412
113 143 412
268 13 16
13 268 16
225 205 803
205 225 803
0 249 413
249 0 413
160 113 989
113 160 989
104 229 939
229 104 939
139 3 402
3 139 402
64 170 935
170 64 935
264 42 310
42 264 310
184 224 605
224 184 605
297 35 274
35 297 274
62 2 499
2 62 499
267 204 299
204 267 299
269 169 142
169 269 142
129 282 483
282 129 483
233 212 773
212 233 773
72 267 174
267 72 174
105 32 696
32 105 696
138 101 433
101 138 433
62 105 231
105 62 231
97 78 145
78 97 145
100 276 65
276 100 65
56 175 634
175 56 634
225 68 363
68 225 363
208 250 48
250 208 48
172 122 973
122 172 973
191 295 478
295 191 478
223 143 918
143 223 918
272 281 19
281 272 19
204 43 725
43 204 725
186 140 55
140 186 55
231 292 532
292 231 532
295 101 659
101 295 659
28 26 927
26 28 927
242 286 678
286 242 678
89 210 552
210 89 552
113 102 600
102 113 600
191 25 343
25 191 343
260 49 224
49 260 224
131 6 67
6 131 67
107 192 459
