0 1 297
1 0 297
1 2 484
2 1 484
2 3 447
3 2 447
3 4 123
4 3 123
4 5 65
5 4 65
5 6 41
6 5 41
6 7 83
7 6 83
7 8 872
8 7 872
8 9 746
9 8 746
9 10 81
10 9 81
10 11 195
11 10 195
11 12 22
12 11 22
12 13 572
13 12 572
13 14 497
14 13 497
14 15 607
15 14 607
15 16 742
16 15 742
16 17 336
17 16 336
17 18 714
18 17 714
18 19 604
19 18 604
19 20 136
20 19 136
20 21 827
21 20 827
21 22 34
22 21 34
22 23 112
23 22 112
23 24 110
24 23 110
24 25 50
25 24 50
25 26 825
26 25 825
26 27 80
27 26 80
27 28 932
28 27 932
28 29 290
29 28 290
29 30 148
30 29 148
30 31 43
31 30 43
31 32 586
32 31 586
32 33 631
33 32 631
33 34 841
34 33 841
34 35 60
35 34 60
35 36 696
36 35 696
36 37 234
37 36 234
37 38 143
38 37 143
38 39 919
39 38 919
39 40 979
40 39 979
40 41 575
41 40 575
41 42 466
42 41 466
42 43 1000
43 42 1000
43 44 146
44 43 146
44 45 314
45 44 314
45 46 958
46 45 958
46 47 240
47 46 240
47 48 1
48 47 1
48 49 672
49 48 672
49 50 843
50 49 843
50 51 137
51 50 137
51 52 850
52 51 850
52 53 876
53 52 876
53 54 600
54 53 600
54 55 960
55 54 960
55 56 278
56 55 278
56 57 424
57 56 424
57 58 39
58 57 39
58 59 561
59 58 561
59 60 65
60 59 65
60 61 186
61 60 186
61 62 955
62 61 955
62 63 650
63 62 650
63 64 816
64 63 816
64 65 796
65 64 796
65 66 62
66 65 62
66 67 863
67 66 863
67 68 29
68 67 29
68 69 556
69 68 556
69 70 134
70 69 134
70 71 7
71 70 7
71 72 130
72 71 130
72 73 599
73 72 599
73 74 359
74 73 359
74 75 627
75 74 627
75 76 264
76 75 264
76 77 316
77 76 316
77 78 218
78 77 218
78 79 265
79 78 265
79 80 339
80 79 339
80 81 412
81 80 412
81 82 753
82 81 753
82 83 189
83 82 189
83 84 640
84 83 640
84 85 352
85 84 352
85 86 148
86 85 148
86 87 917
87 86 917
87 88 128
88 87 128
88 89 538
89 88 538
89 90 829
90 89 829
90 91 192
91 90 192
91 92 723
92 91 723
92 93 783
93 92 783
93 94 194
94 93 194
94 95 890
95 94 890
95 96 578
96 95 578
96 97 255
97 96 255
97 98 105
98 97 105
98 99 606
99 98 606
99 100 162
100 99 162
100 101 238
101 100 238
101 102 965
102 101 965
102 103 643
103 102 643
103 104 188
104 103 188
104 105 323
105 104 323
105 106 269
106 105 269
106 107 451
107 106 451
107 108 990
108 107 990
108 109 839
109 108 839
109 110 67
110 109 67
110 111 329
111 110 329
111 112 250
112 111 250
112 113 819
113 112 819
113 114 517
114 113 517
114 115 889
115 114 889
115 116 171
116 115 171
116 117 16
117 116 16
117 118 157
118 117 157
118 119 650
119 118 650
119 120 553
120 119 553
120 121 985
121 120 985
121 122 841
122 121 841
122 123 627
123 122 627
123 124 768
124 123 768
124 125 34
125 124 34
125 126 868
126 125 868
126 127 697
127 126 697
127 128 640
128 127 640
128 129 972
129 128 972
129 130 655
130 129 655
130 131 153
131 130 153
131 132 561
132 131 561
132 133 619
133 132 619
133 134 795
134 133 795
134 135 100
135 134 100
135 136 293
136 135 293
136 137 416
137 136 416
137 138 551
138 137 551
138 139 282
139 138 282
139 140 254
140 139 254
140 141 617
141 140 617
141 142 962
142 141 962
142 143 503
143 142 503
143 144 788
144 143 788
144 145 830
145 144 830
145 146 392
146 145 392
146 147 958
147 146 958
147 148 845
148 147 845
148 149 548
149 148 548
149 150 607
150 149 607
150 151 749
151 150 749
151 152 885
152 151 885
152 153 799
153 152 799
153 154 727
154 153 727
154 155 4
155 154 4
155 156 185
156 155 185
156 157 947
157 156 947
157 158 700
158 157 700
158 159 176
159 158 176
159 160 270
160 159 270
160 161 354
161 160 354
161 162 329
162 161 329
162 163 831
163 162 831
163 164 972
164 163 972
164 165 123
165 164 123
165 166 930
166 165 930
166 167 616
167 166 616
167 168 538
168 167 538
168 169 832
169 168 832
169 170 898
170 169 898
170 171 791
171 170 791
171 172 801
172 171 801
172 173 211
173 172 211
173 174 646
174 173 646
174 175 588
175 174 588
175 176 41
176 175 41
176 177 389
177 176 389
177 178 897
178 177 897
178 179 237
179 178 237
179 180 288
180 179 288
180 181 855
181 180 855
181 182 338
182 181 338
182 183 172
183 182 172
183 184 653
184 183 653
184 185 64
185 184 64
185 186 175
186 185 175
186 187 189
187 186 189
187 188 362
188 187 362
188 189 227
189 188 227
189 190 365
190 189 365
190 191 632
191 190 632
191 192 580
192 191 580
192 193 693
193 192 693
193 194 814
194 193 814
194 195 904
195 194 904
195 196 815
196 195 815
196 197 95
197 196 95
197 198 519
198 197 519
198 199 705
199 198 705
199 200 927
200 199 927
200 201 768
201 200 768
201 202 847
202 201 847
202 203 79
203 202 79
203 204 979
204 203 979
204 205 492
205 204 492
205 206 666
206 205 666
206 207 371
207 206 371
207 208 232
208 207 232
208 209 914
209 208 914
209 210 607
210 209 607
210 211 520
211 210 520
211 212 768
212 211 768
212 213 296
213 212 296
213 214 43
214 213 43
214 215 772
215 214 772
215 216 712
216 215 712
216 217 570
217 216 570
217 218 961
218 217 961
218 219 73
219 218 73
219 220 796
220 219 796
220 221 325
221 220 325
221 222 704
222 221 704
222 223 727
223 222 727
223 224 369
224 223 369
224 225 869
225 224 869
225 226 630
226 225 630
226 227 183
227 226 183
227 228 964
228 227 964
228 229 501
229 228 501
229 230 239
230 229 239
230 231 890
231 230 890
231 232 268
232 231 268
232 233 86
233 232 86
233 234 968
234 233 968
234 235 598
235 234 598
235 236 929
236 235 929
236 237 985
237 236 985
237 238 968
238 237 968
238 239 161
239 238 161
239 240 898
240 239 898
240 241 927
241 240 927
241 242 32
242 241 32
242 243 665
243 242 665
243 244 222
244 243 222
244 245 426
245 244 426
245 246 788
246 245 788
246 247 285
247 246 285
247 248 995
248 247 995
248 249 748
249 248 748
249 250 358
250 249 358
250 251 142
251 250 142
251 252 424
252 251 424
252 253 413
253 252 413
253 254 869
254 253 869
254 255 792
255 254 792
255 256 282
256 255 282
256 257 850
257 256 850
257 258 327
258 257 327
258 259 245
259 258 245
259 260 350
260 259 350
260 261 565
261 260 565
261 262 486
262 261 486
262 263 618
263 262 618
263 264 2
264 263 2
264 265 453
265 264 453
265 266 567
266 265 567
266 267 931
267 266 931
267 268 789
268 267 789
268 269 887
269 268 887
269 270 443
270 269 443
270 271 686
271 270 686
271 272 165
272 271 165
272 273 826
273 272 826
273 274 702
274 273 702
274 275 738
275 274 738
275 276 251
276 275 251
276 277 489
277 276 489
277 278 23
278 277 23
278 279 598
279 278 598
279 280 589
280 279 589
280 281 380
281 280 380
281 282 739
282 281 739
282 283 364
283 282 364
283 284 144
284 283 144
284 285 607
285 284 607
285 286 508
286 285 508
286 287 425
287 286 425
287 288 457
288 287 457
288 289 186
289 288 186
289 290 21
290 289 21
290 291 806
291 290 806
291 292 750
292 291 750
292 293 506
293 292 506
293 294 775
294 293 775
294 295 104
295 294 104
295 296 958
296 295 958
296 297 694
297 296 694
297 298 34
298 297 34
298 299 98
299 298 98
299 300 580
300 299 580
300 301 828
301 300 828
301 302 783
302 301 783
302 303 744
303 302 744
303 304 653
304 303 653
304 305 836
305 304 836
305 306 481
306 305 481
306 307 255
307 306 255
307 308 677
308 307 677
308 309 855
309 308 855
309 310 852
310 309 852
310 311 617
311 310 617
311 312 234
312 311 234
312 313 591
313 312 591
313 314 980
314 313 980
314 315 730
315 314 730
315 316 197
316 315 197
316 317 839
317 316 839
317 318 154
318 317 154
318 319 5
319 318 5
319 320 24
320 319 24
320 321 175
321 320 175
321 322 163
322 321 163
322 323 126
323 322 126
323 324 680
324 323 680
324 325 289
325 324 289
325 326 229
326 325 229
326 327 990
327 326 990
327 328 982
328 327 982
328 329 614
329 328 614
329 330 439
330 329 439
330 331 561
331 330 561
331 332 441
332 331 441
332 333 222
333 332 222
333 334 656
334 333 656
334 335 445
335 334 445
335 336 57
336 335 57
336 337 489
337 336 489
337 338 699
338 337 699
338 339 85
339 338 85
339 340 343
340 339 343
340 341 551
341 340 551
341 342 701
342 341 701
342 343 929
343 342 929
343 344 141
344 343 141
344 345 33
345 344 33
345 346 658
346 345 658
346 347 689
347 346 689
347 348 871
348 347 871
348 349 163
349 348 163
349 350 46
350 349 46
350 351 247
351 350 247
351 352 337
352 351 337
352 353 208
353 352 208
353 354 372
354 353 372
354 355 369
355 354 369
355 356 496
356 355 496
356 357 600
357 356 600
357 358 710
358 357 710
358 359 830
359 358 830
359 360 213
360 359 213
360 361 148
361 360 148
361 362 742
362 361 742
362 363 653
363 362 653
363 364 721
364 363 721
364 365 398
365 364 398
365 366 449
366 365 449
366 367 130
367 366 130
367 368 238
368 367 238
368 369 147
369 368 147
369 370 214
370 369 214
370 371 580
371 370 580
371 372 49
372 371 49
372 373 267
373 372 267
373 374 508
374 373 508
374 375 541
375 374 541
375 376 299
376 375 299
376 377 517
377 376 517
377 378 230
378 377 230
378 379 521
379 378 521
379 380 680
380 379 680
380 381 627
381 380 627
381 382 767
382 381 767
382 383 368
383 382 368
383 384 186
384 383 186
384 385 138
385 384 138
385 386 88
386 385 88
386 387 681
387 386 681
387 388 89
388 387 89
388 389 149
389 388 149
389 390 862
390 389 862
390 391 301
391 390 301
391 392 649
392 391 649
392 393 604
393 392 604
393 394 305
394 393 305
394 395 369
395 394 369
395 396 353
396 395 353
396 397 753
397 396 753
397 398 850
398 397 850
398 399 590
399 398 590
399 400 252
400 399 252
400 401 416
401 400 416
401 402 169
402 401 169
402 403 300
403 402 300
403 404 682
404 403 682
404 405 29
405 404 29
405 406 841
406 405 841
406 407 332
407 406 332
407 408 897
408 407 897
408 409 422
409 408 422
409 410 852
410 409 852
410 411 576
411 410 576
411 412 48
412 411 48
412 413 971
413 412 971
413 414 944
414 413 944
414 415 233
415 414 233
415 416 460
416 415 460
416 417 383
417 416 383
417 418 265
418 417 265
418 419 549
419 418 549
419 420 532
420 419 532
420 421 127
421 420 127
421 422 201
422 421 201
422 423 180
423 422 180
423 424 82
424 423 82
424 425 506
425 424 506
425 426 548
426 425 548
426 427 434
427 426 434
427 428 610
428 427 610
428 429 750
429 428 750
429 430 23
430 429 23
430 431 861
431 430 861
431 432 165
432 431 165
432 433 543
433 432 543
433 434 513
434 433 513
434 435 846
435 434 846
435 436 923
436 435 923
436 437 353
437 436 353
437 438 529
438 437 529
438 439 820
439 438 820
439 440 126
440 439 126
440 441 732
441 440 732
441 442 747
442 441 747
442 443 525
443 442 525
443 444 702
444 443 702
444 445 42
445 444 42
445 446 757
446 445 757
446 447 514
447 446 514
447 448 425
448 447 425
448 449 373
449 448 373
449 450 62
450 449 62
450 451 956
451 450 956
451 452 851
452 451 851
452 453 262
453 452 262
453 454 135
454 453 135
454 455 932
455 454 932
455 456 119
456 455 119
456 457 34
457 456 34
457 458 717
458 457 717
458 459 729
459 458 729
459 460 783
460 459 783
460 461 91
461 460 91
461 462 941
462 461 941
462 463 947
463 462 947
463 464 986
464 463 986
464 465 453
465 464 453
465 466 144
466 465 144
466 467 908
467 466 908
467 468 805
468 467 805
468 469 24
469 468 24
469 470 79
470 469 79
470 471 282
471 470 282
471 472 756
472 471 756
472 473 178
473 472 178
473 474 806
474 473 806
474 475 809
475 474 809
475 476 219
476 475 219
476 477 914
477 476 914
477 478 322
478 477 322
478 479 643
479 478 643
479 480 287
480 479 287
480 481 383
481 480 383
481 482 950
482 481 950
482 483 489
483 482 489
483 484 997
484 483 997
484 485 84
485 484 84
485 486 773
486 485 773
486 487 115
487 486 115
487 488 470
488 487 470
488 489 489
489 488 489
489 490 843
490 489 843
490 491 252
491 490 252
491 492 932
492 491 932
492 493 784
493 492 784
493 494 551
494 493 551
494 495 917
495 494 917
495 496 588
496 495 588
496 497 46
497 496 46
497 498 176
498 497 176
498 499 745
499 498 745
499 500 70
500 499 70
500 501 607
501 500 607
501 502 26
502 501 26
502 503 825
503 502 825
503 504 784
504 503 784
504 505 832
505 504 832
505 506 633
506 505 633
506 507 2
507 506 2
507 508 745
508 507 745
508 509 955
509 508 955
509 510 997
510 509 997
510 511 383
511 510 383
511 512 689
512 511 689
512 513 946
513 512 946
513 514 872
514 513 872
514 515 37
515 514 37
515 516 30
516 515 30
516 517 644
517 516 644
517 518 152
518 517 152
518 519 851
519 518 851
519 520 484
520 519 484
520 521 346
521 520 346
521 522 102
522 521 102
522 523 415
523 522 415
523 524 481
524 523 481
524 525 4
525 524 4
525 526 683
526 525 683
526 527 69
527 526 69
527 528 50
528 527 50
528 529 859
529 528 859
529 530 813
530 529 813
530 531 119
531 530 119
531 532 465
532 531 465
532 533 838
533 532 838
533 534 295
534 533 295
534 535 600
535 534 600
535 536 21
536 535 21
536 537 279
537 536 279
537 538 601
538 537 601
538 539 766
539 538 766
539 540 585
540 539 585
540 541 949
541 540 949
541 542 148
542 541 148
542 543 626
543 542 626
543 544 895
544 543 895
544 545 371
545 544 371
545 546 662
546 545 662
546 547 276
547 546 276
547 548 14
548 547 14
548 549 813
549 548 813
549 550 126
550 549 126
550 551 850
551 550 850
551 552 511
552 551 511
552 553 579
553 552 579
553 554 616
554 553 616
554 555 991
555 554 991
555 556 583
556 555 583
556 557 651
557 556 651
557 558 411
558 557 411
558 559 632
559 558 632
559 560 509
560 559 509
560 561 575
561 560 575
561 562 102
562 561 102
562 563 325
563 562 325
563 564 765
564 563 765
564 565 748
565 564 748
565 566 924
566 565 924
566 567 785
567 566 785
567 568 26
568 567 26
568 569 876
569 568 876
569 570 550
570 569 550
570 571 611
571 570 611
571 572 825
572 571 825
572 573 50
573 572 50
573 574 236
574 573 236
574 575 719
575 574 719
575 576 420
576 575 420
576 577 897
577 576 897
577 578 346
578 577 346
578 579 786
579 578 786
579 580 62
580 579 62
580 581 471
581 580 471
581 582 987
582 581 987
582 583 924
583 582 924
583 584 49
584 583 49
584 585 602
585 584 602
585 586 266
586 585 266
586 587 631
587 586 631
587 588 252
588 587 252
588 589 677
589 588 677
589 590 614
590 589 614
590 591 112
591 590 112
591 592 251
592 591 251
592 593 67
593 592 67
593 594 788
594 593 788
594 595 367
595 594 367
595 596 814
596 595 814
596 597 711
597 596 711
597 598 152
598 597 152
598 599 840
599 598 840
599 600 939
600 599 939
600 601 701
601 600 701
601 602 802
602 601 802
602 603 763
603 602 763
603 604 102
604 603 102
604 605 389
605 604 389
605 606 833
606 605 833
606 607 522
607 606 522
607 608 637
608 607 637
608 609 178
609 608 178
609 610 307
610 609 307
610 611 698
611 610 698
611 612 1000
612 611 1000
612 613 293
613 612 293
613 614 621
614 613 621
614 615 400
615 614 400
615 616 246
616 615 246
616 617 887
617 616 887
617 618 31
618 617 31
618 619 850
619 618 850
619 620 915
620 619 915
620 621 996
621 620 996
621 622 961
622 621 961
622 623 517
623 622 517
623 624 63
624 623 63
624 625 101
625 624 101
625 626 884
626 625 884
626 627 228
627 626 228
627 628 811
628 627 811
628 629 35
629 628 35
629 630 419
630 629 419
630 631 749
631 630 749
631 632 87
632 631 87
632 633 220
633 632 220
633 634 863
634 633 863
634 635 189
635 634 189
635 636 608
636 635 608
636 637 695
637 636 695
637 638 62
638 637 62
638 639 245
639 638 245
639 640 224
640 639 224
640 641 720
641 640 720
641 642 294
642 641 294
642 643 223
643 642 223
643 644 364
644 643 364
644 645 267
645 644 267
645 646 623
646 645 623
646 647 609
647 646 609
647 648 505
648 647 505
648 649 5
649 648 5
649 650 458
650 649 458
650 651 419
651 650 419
651 652 352
652 651 352
652 653 771
653 652 771
653 654 287
654 653 287
654 655 766
655 654 766
655 656 871
656 655 871
656 657 170
657 656 170
657 658 994
658 657 994
658 659 33
659 658 33
659 660 556
660 659 556
660 661 412
661 660 412
661 662 134
662 661 134
662 663 995
663 662 995
663 664 984
664 663 984
664 665 348
665 664 348
665 666 535
666 665 535
666 667 943
667 666 943
667 668 395
668 667 395
668 669 596
669 668 596
669 670 539
670 669 539
670 671 618
671 670 618
671 672 315
672 671 315
672 673 833
673 672 833
673 674 193
674 673 193
674 675 678
675 674 678
675 676 451
676 675 451
676 677 167
677 676 167
677 678 638
678 677 638
678 679 955
679 678 955
679 680 523
680 679 523
680 681 448
681 680 448
681 682 725
682 681 725
682 683 226
683 682 226
683 684 570
684 683 570
684 685 11
685 684 11
685 686 992
686 685 992
686 687 792
687 686 792
687 688 181
688 687 181
688 689 337
689 688 337
689 690 176
690 689 176
690 691 88
691 690 88
691 692 100
692 691 100
692 693 309
693 692 309
693 694 82
694 693 82
694 695 435
695 694 435
695 696 9
696 695 9
696 697 616
697 696 616
697 698 378
698 697 378
698 699 403
699 698 403
699 0 211
0 699 211
271 676 100
676 271 100
363 205 550
205 363 550
581 595 856
595 581 856
555 642 580
642 555 580
281 611 591
611 281 591
672 354 123
354 672 123
560 329 210
329 560 210
559 190 292
190 559 292
594 198 907
198 594 907
423 52 470
52 423 470
638 323 698
323 638 698
190 139 604
139 190 604
691 20 499
20 691 499
147 576 193
576 147 193
426 157 456
157 426 456
316 281 510
281 316 510
90 141 91
141 90 91
200 152 981
152 200 981
391 198 231
198 391 231
249 621 883
621 249 883
118 12 907
12 118 907
116 202 846
202 116 846
471 193 218
193 471 218
21 340 546
340 21 546
213 219 55
219 213 55
620 687 736
687 620 736
529 78 629
78 529 629
219 278 834
278 219 834
252 121 432
121 252 432
482 370 154
370 482 154
217 641 266
641 217 266
123 209 868
209 123 868
320 132 213
132 320 213
689 153 806
153 689 806
235 518 225
518 235 225
241 438 764
438 241 764
529 419 842
419 529 842
257 90 372
90 257 372
442 342 645
342 442 645
674 277 568
277 674 568
494 8 745
8 494 745
617 369 964
369 617 964
389 653 528
653 389 528
378 258 333
258 378 333
65 76 909
76 65 909
307 666 673
666 307 673
288 385 866
385 288 866
545 475 238
475 545 238
440 270 882
270 440 882
414 547 449
547 414 449
693 341 409
341 693 409
589 410 930
410 589 930
304 251 135
251 304 135
31 81 293
81 31 293
416 147 921
147 416 921
124 606 287
606 124 287
696 194 224
194 696 224
414 191 952
191 414 952
651 631 22
631 651 22
584 497 921
497 584 921
585 642 314
642 585 314
45 531 124
531 45 124
575 287 527
287 575 527
661 319 508
319 661 508
154 187 655
187 154 655
574 311 313
311 574 313
413 460 859
460 413 859
636 174 651
174 636 651
239 277 934
277 239 934
112 161 684
161 112 684
532 198 26
198 532 26
197 244 410
244 197 410
120 271 797
271 120 797
446 232 68
232 446 68
154 386 555
386 154 555
160 413 519
413 160 519
225 126 279
126 225 279
483 214 405
214 483 405
385 606 782
606 385 782
371 18 643
18 371 643
154 3 494
3 154 494
579 200 38
200 579 38
440 473 909
473 440 909
437 371 593
371 437 593
356 677 32
677 356 32
463 138 145
138 463 145
181 515 923
515 181 923
511 298 589
298 511 589
315 136 95
136 315 95
396 507 166
507 396 166
90 661 369
661 90 369
683 692 721
692 683 721
272 433 994
433 272 994
132 322 66
322 132 66
225 130 443
130 225 443
156 593 133
593 156 133
652 226 448
226 652 448
26 37 599
37 26 599
314 504 587
504 314 587
661 200 994
200 661 994
326 443 207
443 326 207
146 578 251
578 146 251
166 151 536
151 166 536
660 283 858
283 660 858
277 660 989
660 277 989
419 268 834
268 419 834
152 372 561
372 152 561
551 398 798
398 551 798
1 165 303
165 1 303
287 126 855
126 287 855
532 604 450
604 532 450
190 50 229
50 190 229
541 216 932
216 541 932
76 328 467
328 76 467
86 605 428
605 86 428
74 325 548
325 74 548
107 629 621
629 107 621
519 632 271
632 519 271
269 634 736
634 269 736
523 373 814
373 523 814
277 206 318
206 277 318
627 396 968
396 627 968
307 389 837
389 307 837
138 466 917
466 138 917
404 552 923
552 404 923
83 78 1000
78 83 1000
31 337 281
337 31 281
503 157 213
157 503 213
673 426 99
426 673 99
309 249 173
249 309 173
374 678 779
678 374 779
192 57 827
57 192 827
211 364 217
364 211 217
599 502 483
502 599 483
616 359 187
359 616 187
690 442 317
442 690 317
541 625 354
625 541 354
321 428 563
428 321 563
185 402 389
402 185 389
684 163 190
163 684 190
308 537 821
537 308 821
138 181 378
181 138 378
364 393 795
393 364 795
280 444 649
444 280 649
360 307 753
307 360 753
502 202 69
202 502 69
343 127 423
127 343 423
664 556 985
556 664 985
302 410 726
410 302 726
438 25 267
25 438 267
46 14 87
14 46 87
184 196 817
196 184 817
548 41 611
41 548 611
281 485 259
485 281 259
547 298 667
298 547 667
500 100 221
100 500 221
368 596 448
596 368 448
642 12 256
12 642 256
627 314 118
314 627 118
504 204 243
204 504 243
370 250 358
250 370 358
509 586 506
586 509 506
125 587 699
587 125 699
435 168 784
168 435 784
693 15 934
15 693 934
11 667 187
667 11 187
231 336 283
336 231 283
31 278 595
278 31 595
538 357 62
357 538 62
56 161 366
161 56 366
298 684 69
684 298 69
7 493 155
493 7 155
612 618 142
618 612 142
10 505 762
505 10 762
46 650 230
650 46 230
531 114 297
114 531 297
417 497 33
497 417 33
351 528 564
528 351 564
298 367 521
367 298 521
559 423 983
423 559 983
476 173 567
173 476 567
644 181 712
181 644 712
151 245 530
245 151 530
244 408 687
408 244 687
506 606 737
606 506 737
235 437 51
437 235 51
83 307 849
307 83 849
116 658 929
658 116 929
579 256 548
256 579 548
699 267 823
267 699 823
433 196 997
196 433 997
151 292 130
292 151 130
362 443 727
443 362 727
643 688 135
688 643 135
29 646 193
646 29 193
218 333 131
333 218 131
520 416 838
416 520 838
620 684 948
684 620 948
549 563 57
563 549 57
296 15 224
15 296 224
71 600 872
600 71 872
567 52 365
52 567 365
148 566 560
566 148 560
674 662 248
662 674 248
361 143 246
143 361 246
653 361 79
361 653 79
683 182 396
182 683 396
472 102 580
102 472 580
220 103 196
103 220 196
376 552 763
552 376 763
251 623 615
623 251 615
323 642 319
642 323 319
139 90 586
90 139 586
398 216 1000
216 398 1000
646 577 543
577 646 543
443 531 305
531 443 305
422 666 39
666 422 39
269 439 593
439 269 593
100 111 897
111 100 897
495 639 201
639 495 201
509 190 624
190 509 624
576 665 218
665 576 218
694 104 408
104 694 408
131 503 624
503 131 624
230 601 354
601 230 354
473 344 85
344 473 85
529 218 651
218 529 651
67 487 890
487 67 890
559 588 453
588 559 453
607 535 692
535 607 692
507 497 183
497 507 183
482 373 500
373 482 500
399 519 305
519 399 305
558 651 860
651 558 860
234 333 413
333 234 413
487 106 209
106 487 209
571 87 328
87 571 328
73 154 867
154 73 867
15 166 407
166 15 407
67 225 143
225 67 143
59 185 892
185 59 892
393 667 565
667 393 565
692 519 184
519 692 184
548 529 687
529 548 687
359 63 721
63 359 721
71 550 179
550 71 179
432 573 367
573 432 367
311 647 673
647 311 673
129 114 691
114 129 691
536 181 317
181 536 317
230 392 102
392 230 102
421 85 21
85 421 21
437 230 940
230 437 940
272 78 970
78 272 970
59 590 85
590 59 85
331 113 288
113 331 288
9 545 13
545 9 13
627 308 560
308 627 560
325 390 375
390 325 375
507 458 605
458 507 605
199 559 78
559 199 78
437 232 115
232 437 115
667 271 39
271 667 39
197 292 298
292 197 298
87 529 981
529 87 981
201 616 491
616 201 491
198 28 718
28 198 718
507 240 970
240 507 970
397 565 913
565 397 913
671 524 171
524 671 171
627 176 531
176 627 531
456 613 263
613 456 263
22 32 286
32 22 286
560 229 631
229 560 631
610 469 60
469 610 60
290 122 128
122 290 128
132 320 856
320 132 856
602 279 848
279 602 848
523 676 66
676 523 66
135 99 690
99 135 690
206 178 166
178 206 166
288 634 31
634 288 31
450 656 63
656 450 63
487 669 993
669 487 993
269 579 362
579 269 362
428 321 936
321 428 936
107 606 856
606 107 856
515 508 488
508 515 488
462 331 764
331 462 764
579 467 116
467 579 116
369 125 794
125 369 794
486 413 229
413 486 229
517 315 237
315 517 237
579 102 506
102 579 506
323 372 37
372 323 37
536 252 459
252 536 459
171 360 317
360 171 317
279 327 625
327 279 625
666 89 408
89 666 408
481 121 227
121 481 227
396 490 252
490 396 252
490 276 717
276 490 717
670 245 532
245 670 532
106 125 335
125 106 335
364 600 459
600 364 459
500 437 611
437 500 611
410 60 623
60 410 623
226 339 350
339 226 350
2 457 992
457 2 992
262 239 613
239 262 613
288 635 255
635 288 255
592 577 83
577 592 83
608 547 129
547 608 129
240 106 806
106 240 806
126 470 106
470 126 106
384 270 95
270 384 95
346 681 708
681 346 708
121 359 447
359 121 447
222 514 857
514 222 857
413 76 996
76 413 996
177 516 683
516 177 683
583 408 361
408 583 361
566 469 960
469 566 960
94 161 366
161 94 366
51 439 436
439 51 436
456 123 207
123 456 207
203 621 840
621 203 840
10 42 651
42 10 651
308 265 265
265 308 265
364 130 441
130 364 441
111 460 758
460 111 758
494 343 818
343 494 818
206 209 339
209 206 339
465 455 852
455 465 852
131 506 691
506 131 691
266 415 666
415 266 666
124 70 388
70 124 388
115 232 182
232 115 182
466 540 399
540 466 399
630 357 382
357 630 382
323 620 742
620 323 742
532 414 437
414 532 437
601 72 847
72 601 847
440 538 154
538 440 154
591 669 813
669 591 813
634 387 928
387 634 928
512 549 787
549 512 787
79 81 321
81 79 321
545 73 719
73 545 719
628 582 100
582 628 100
403 503 193
503 403 193
235 369 630
369 235 630
136 442 828
442 136 828
28 280 981
280 28 981
620 401 793
401 620 793
554 240 72
240 554 72
105 204 721
204 105 721
444 284 702
284 444 702
364 129 776
129 364 776
434 209 558
209 434 558
634 612 13
612 634 13
478 147 83
147 478 83
7 436 125
436 7 125
434 464 457
464 434 457
267 384 58
384 267 58
559 390 398
390 559 398
631 648 803
648 631 803
3 392 139
392 3 139
5 56 868
56 5 868
232 490 830
490 232 830
341 576 542
576 341 542
254 507 42
507 254 42
688 514 478
514 688 478
12 401 42
401 12 42
620 668 779
668 620 779
77 679 421
679 77 421
626 610 369
610 626 369
680 66 113
66 680 113
318 223 269
223 318 269
238 455 612
455 238 612
367 248 240
248 367 240
560 654 347
654 560 347
353 94 914
94 353 914
582 258 415
258 582 415
576 178 183
178 576 183
406 407 362
407 406 362
626 334 25
334 626 25
247 466 243
466 247 243
259 237 366
237 259 366
480 475 873
475 480 873
643 294 321
294 643 321
682 306 428
306 682 428
681 660 922
660 681 922
494 694 281
694 494 281
8 570 311
570 8 311
342 276 719
276 342 719
655 355 605
355 655 605
331 54 771
54 331 771
73 465 708
465 73 708
38 245 635
245 38 635
610 340 29
340 610 29
183 323 488
323 183 488
562 456 348
456 562 348
183 250 494
250 183 494
215 410 265
410 215 265
426 204 493
204 426 493
344 159 248
159 344 248
200 491 954
491 200 954
370 564 20
564 370 20
230 603 417
603 230 417
16 665 758
665 16 758
645 148 633
148 645 633
332 162 389
162 332 389
131 346 291
346 131 291
624 13 401
13 624 401
440 591 957
591 440 957
533 235 616
235 533 616
432 587 459
587 432 459
386 410 24
410 386 24
257 640 379
640 257 379
373 656 396
656 373 396
282 53 45
53 282 45
514 537 807
537 514 807
654 120 605
120 654 605
344 45 71
45 344 71
596 637 162
637 596 162
352 470 950
470 352 950
420 355 37
355 420 37
278 41 547
41 278 547
153 298 539
298 153 539
631 123 648
123 631 648
527 406 901
406 527 901
23 372 139
372 23 139
381 327 59
327 381 59
538 123 156
123 538 156
8 172 694
172 8 694
221 524 516
524 221 516
670 396 871
396 670 871
307 675 64
675 307 64
505 280 114
280 505 114
644 212 790
212 644 790
191 595 744
595 191 744
366 419 234
419 366 234
199 198 645
198 199 645
37 322 800
322 37 800
494 244 720
244 494 720
470 12 442
12 470 442
319 134 201
134 319 201
294 298 507
298 294 507
26 211 703
211 26 703
390 400 194
400 390 194
581 447 289
447 581 289
399 319 523
319 399 523
599 517 167
517 599 167
88 291 318
291 88 318
438 85 163
85 438 163
309 8 227
8 309 227
150 327 161
327 150 161
451 73 159
73 451 159
9 99 623
99 9 623
211 490 875
490 211 875
56 523 975
523 56 975
544 375 994
375 544 994
566 274 111
274 566 111
532 514 903
514 532 903
350 252 740
252 350 740
564 561 100
561 564 100
12 678 103
678 12 103
615 203 614
203 615 614
624 455 588
455 624 588
287 245 462
245 287 462
343 220 436
220 343 436
187 595 429
595 187 429
206 321 892
321 206 892
190 288 146
288 190 146
692 540 885
540 692 885
556 554 337
554 556 337
250 18 515
18 250 515
153 633 219
633 153 219
318 9 174
9 318 174
105 296 671
296 105 671
66 639 243
639 66 243
254 278 391
278 254 391
134 484 164
484 134 164
225 675 652
675 225 652
422 667 945
667 422 945
659 676 499
676 659 499
395 226 269
226 395 269
261 531 2
531 261 2
179 149 63
149 179 63
4 254 759
254 4 759
226 473 350
473 226 350
121 27 328
27 121 328
611 161 765
161 611 765
174 539 192
539 174 192
178 413 459
413 178 459
22 372 987
372 22 987
572 67 366
67 572 366
440 329 697
329 440 697
393 660 299
660 393 299
355 117 53
117 355 53
65 495 478
495 65 478
414 616 305
616 414 305
341 527 19
527 341 19
357 154 510
154 357 510
348 484 923
484 348 923
459 658 496
658 459 496
545 530 915
530 545 915
462 422 696
422 462 696
59 115 409
115 59 409
109 622 578
622 109 578
413 687 873
687 413 873
491 401 890
401 491 890
595 194 369
194 595 369
465 552 475
552 465 475
326 200 859
200 326 859
449 659 817
659 449 817
396 657 199
657 396 199
562 419 921
419 562 921
358 630 688
630 358 688
266 191 562
191 266 562
443 605 949
605 443 949
567 396 902
396 567 902
456 443 397
443 456 397
477 209 901
209 477 901
651 535 901
535 651 901
610 436 913
436 610 913
678 132 922
132 678 922
29 695 293
695 29 293
501 505 724
505 501 724
541 223 567
223 541 567
502 118 172
118 502 172
451 685 368
685 451 368
252 594 812
594 252 812
371 272 101
272 371 101
322 107 354
107 322 354
384 544 618
544 384 618
515 128 539
128 515 539
544 275 831
275 544 831
497 80 906
80 497 906
338 455 473
455 338 473
141 573 644
573 141 644
44 11 364
11 44 364
448 605 175
605 448 175
149 428 47
428 149 47
1 202 106
202 1 106
54 39 402
39 54 402
571 554 183
554 571 183
109 550 258
550 109 258
92 499 191
499 92 191
297 138 598
138 297 598
521 279 324
279 521 324
517 323 435
323 517 435
680 223 592
223 680 592
206 372 120
372 206 120
4 374 522
374 4 522
609 580 513
580 609 513
663 604 567
604 663 567
145 13 469
13 145 469
54 257 869
257 54 869
196 7 159
7 196 159
94 528 238
528 94 238
17 345 713
345 17 713
103 477 36
477 103 36
94 683 761
683 94 761
665 687 987
687 665 987
38 49 419
49 38 419
151 12 323
12 151 323
269 309 589
309 269 589
390 363 46
363 390 46
158 12 953
12 158 953
368 258 134
258 368 134
5 427 231
427 5 231
269 530 609
530 269 609
56 76 792
76 56 792
368 41 532
41 368 532
354 79 581
79 354 581
525 382 693
382 525 693
447 652 402
652 447 402
535 342 317
342 535 317
181 652 629
652 181 629
685 320 287
320 685 287
318 477 966
477 318 966
449 198 396
198 449 396
254 423 953
423 254 953
75 464 484
464 75 484
581 696 64
696 581 64
406 530 756
530 406 756
154 482 509
482 154 509
141 276 826
276 141 826
322 380 454
380 322 454
460 0 93
0 460 93
230 629 58
629 230 58
131 127 806
127 131 806
640 534 381
534 640 381
493 61 598
61 493 598
376 642 494
642 376 494
340 349 676
349 340 676
547 655 559
655 547 559
456 96 487
96 456 487
581 571 268
571 581 268
386 331 920
331 386 920
130 561 350
561 130 350
240 693 229
693 240 229
697 85 915
85 697 915
177 578 876
578 177 876
274 407 919
407 274 919
519 47 620
47 519 620
595 594 175
594 595 175
605 502 423
502 605 423
191 383 194
383 191 194
158 70 677
70 158 677
278 352 139
352 278 139
479 592 484
592 479 484
107 589 169
589 107 169
422 67 500
67 422 500
97 341 607
341 97 607
567 161 906
161 567 906
686 56 152
56 686 152
212 661 855
661 212 855
535 304 838
304 535 838
28 463 260
463 28 260
157 193 213
193 157 213
147 124 457
124 147 457
130 231 447
231 130 447
350 105 266
105 350 266
601 355 807
355 601 807
407 222 620
222 407 620
412 209 676
209 412 676
616 421 589
421 616 589
470 408 494
408 470 494
159 589 9
589 159 9
619 46 54
46 619 54
183 193 978
193 183 978
491 475 361
475 491 361
537 277 767
277 537 767
254 179 422
179 254 422
161 38 244
38 161 244
380 451 205
451 380 205
108 367 479
367 108 479
648 289 487
289 648 487
93 448 776
448 93 776
153 519 22
519 153 22
406 2 67
2 406 67
235 646 394
646 235 394
296 483 172
483 296 172
462 38 251
38 462 251
435 351 589
351 435 589
630 183 92
183 630 92
335 443 911
443 335 911
613 392 252
392 613 252
51 637 601
637 51 601
627 91 920
91 627 920
0 649 775
649 0 775
267 185 621
185 267 621
612 481 256
481 612 256
383 395 946
395 383 946
485 130 497
130 485 497
626 212 233
212 626 233
669 547 476
547 669 476
532 612 520
612 532 520
683 116 858
116 683 858
583 43 201
43 583 201
455 195 250
195 455 250
329 614 335
614 329 335
301 527 816
527 301 816
208 210 163
210 208 163
154 148 93
148 154 93
602 74 258
74 602 258
534 43 805
43 534 805
362 575 270
575 362 270
581 559 786
559 581 786
190 594 481
594 190 481
590 349 376
349 590 376
240 130 891
130 240 891
74 583 418
583 74 418
542 92 480
92 542 480
4 246 328
246 4 328
449 148 254
148 449 254
406 135 350
135 406 350
362 497 525
497 362 525
383 530 736
530 383 736
368 173 583
173 368 583
548 63 632
63 548 632
376 455 715
455 376 715
118 530 98
530 118 98
387 524 390
524 387 390
166 680 888
680 166 888
246 429 737
429 246 737
399 287 224
287 399 224
48 650 473
650 48 473
425 333 3
333 425 3
112 154 728
154 112 728
394 154 792
154 394 792
478 530 147
530 478 147
692 648 129
648 692 129
241 487 905
487 241 905
431 654 286
654 431 286
318 352 67
352 318 67
506 203 155
203 506 155
281 252 57
252 281 57
553 129 690
129 553 690
108 241 896
241 108 896
535 88 451
88 535 451
478 566 433
566 478 433
25 10 734
10 25 734
405 251 121
251 405 121
610 134 427
134 610 427
247 605 979
605 247 979
313 563 383
563 313 383
667 145 987
145 667 987
423 698 316
698 423 316
665 258 809
258 665 809
360 94 697
94 360 697
362 572 315
572 362 315
195 49 25
49 195 25
280 607 629
607 280 629
0 669 515
669 0 515
527 216 220
216 527 220
5 529 184
529 5 184
539 649 981
649 539 981
625 524 731
524 625 731
292 489 790
489 292 790
353 302 236
302 353 236
349 116 508
116 349 508
516 463 810
463 516 810
692 43 917
43 692 917
420 44 86
44 420 86
435 23 602
23 435 602
506 180 883
180 506 883
289 20 84
20 289 84
521 97 909
97 521 909
52 390 750
390 52 750
693 43 504
43 693 504
28 544 621
544 28 621
87 360 884
360 87 884
196 353 28
353 196 28
212 225 524
225 212 524
349 112 799
112 349 799
2 619 479
619 2 479
185 360 651
360 185 651
620 182 949
182 620 949
28 386 391
386 28 391
379 433 482
433 379 482
559 429 454
429 559 454
646 242 338
242 646 338
143 47 717
47 143 717
507 272 592
272 507 592
157 385 390
385 157 390
159 456 220
456 159 220
496 116 871
116 496 871
417 298 819
298 417 819
597 136 561
136 597 561
675 515 994
515 675 994
9 526 175
526 9 175
662 473 717
473 662 717
451 68 664
68 451 664
667 27 689
27 667 689
410 184 626
184 410 626
99 496 882
496 99 882
371 444 398
444 371 398
241 161 449
161 241 449
111 59 685
59 111 685
371 186 253
186 371 253
516 347 179
347 516 179
390 462 704
462 390 704
507 213 172
213 507 172
122 333 252
333 122 252
10 43 936
43 10 936
587 295 284
295 587 284
68 666 829
666 68 829
366 207 890
207 366 890
414 470 401
470 414 401
50 141 340
141 50 340
202 657 187
657 202 187
181 499 749
499 181 749
236 458 715
458 236 715
360 581 448
581 360 448
511 43 891
43 511 891
146 83 786
83 146 786
582 151 704
151 582 704
610 669 811
669 610 811
251 535 981
535 251 981
104 586 774
586 104 774
143 88 183
88 143 183
681 421 383
421 681 383
282 110 793
110 282 793
96 470 374
470 96 374
395 281 870
281 395 870
585 579 553
579 585 553
523 461 656
461 523 656
426 523 226
523 426 226
689 75 61
75 689 61
21 331 199
331 21 199
195 474 540
474 195 540
629 607 613
607 629 613
163 341 123
341 163 123
156 437 593
437 156 593
181 132 626
132 181 626
250 170 806
170 250 806
554 145 119
145 554 119
462 23 43
23 462 43
187 12 170
12 187 170
599 34 901
34 599 901
350 381 927
381 350 927
189 310 434
310 189 434
601 626 876
626 601 876
576 82 965
82 576 965
320 263 150
263 320 150
346 666 672
666 346 672
403 672 317
672 403 317
221 434 492
434 221 492
15 73 305
73 15 305
584 125 791
125 584 791
236 475 724
475 236 724
362 664 286
664 362 286
548 17 212
17 548 212
223 45 294
45 223 294
639 366 258
366 639 258
640 164 676
164 640 676
111 567 748
567 111 748
240 382 372
382 240 372
256 607 28
607 256 28
292 32 818
32 292 818
529 507 541
507 529 541
343 623 178
623 343 178
191 93 390
93 191 390
566 138 35
138 566 35
506 504 292
504 506 292
446 668 319
668 446 319
10 687 67
687 10 67
589 228 901
228 589 901
260 636 708
636 260 708
587 380 493
380 587 493
356 361 400
361 356 400
648 5 876
5 648 876
526 348 569
348 526 569
67 215 307
215 67 307
601 173 864
173 601 864
445 71 284
71 445 284
263 81 772
81 263 772
29 123 352
123 29 352
481 383 388
383 481 388
689 423 468
423 689 468
533 231 82
231 533 82
32 180 587
180 32 587
459 158 535
158 459 535
127 225 2
225 127 2
86 126 675
126 86 675
549 571 447
571 549 447
584 135 880
135 584 880
607 316 503
316 607 503
158 98 39
98 158 39
497 239 514
239 497 514
365 72 745
72 365 745
198 256 977
256 198 977
584 16 35
16 584 35
70 143 660
143 70 660
472 381 239
381 472 239
498 382 710
382 498 710
444 267 97
267 444 97
76 174 114
174 76 114
378 333 12
333 378 12
516 282 203
282 516 203
529 647 475
647 529 475
74 145 931
145 74 931
102 181 799
181 102 799
137 404 295
404 137 295
548 176 76
176 548 76
386 674 359
674 386 359
248 571 778
571 248 778
244 647 752
647 244 752
557 325 337
325 557 337
420 294 920
294 420 920
522 123 319
123 522 319
349 616 432
616 349 432
452 249 230
249 452 230
41 653 876
653 41 876
589 281 952
281 589 952
276 256 662
256 276 662
524 279 439
279 524 439
220 378 542
378 220 542
78 155 231
155 78 231
650 449 502
449 650 502
625 25 172
25 625 172
73 374 140
374 73 140
256 278 890
278 256 890
338 319 495
319 338 495
613 361 977
361 613 977
216 637 85
637 216 85
77 613 16
613 77 16
615 133 494
133 615 494
209 363 449
363 209 449
439 314 499
314 439 499
492 391 476
391 492 476
163 616 550
616 163 550
55 173 981
173 55 981
196 663 300
663 196 300
290 576 813
576 290 813
118 93 950
93 118 950
354 322 315
322 354 315
169 390 201
390 169 201
514 599 364
599 514 364
163 490 630
490 163 630
413 282 673
282 413 673
688 597 290
597 688 290
89 652 615
652 89 615
621 300 878
300 621 878
73 591 306
591 73 306
585 161 851
161 585 851
335 516 174
516 335 174
301 137 64
137 301 64
401 104 415
104 401 415
317 419 105
419 317 105
698 132 339
132 698 339
71 272 936
272 71 936
60 513 741
513 60 741
526 435 641
435 526 641
103 508 484
508 103 484
408 545 246
545 408 246
259 332 714
332 259 714
584 634 903
634 584 903
447 487 307
487 447 307
361 256 726
256 361 726
217 255 10
255 217 10
355 478 634
478 355 634
542 538 500
538 542 500
682 516 587
516 682 587
575 619 547
619 575 547
358 479 192
479 358 192
455 190 825
190 455 825
368 74 759
74 368 759
23 673 898
673 23 898
329 486 255
486 329 255
507 3 810
3 507 810
116 510 588
510 116 588
302 353 878
353 302 878
301 335 294
335 301 294
187 210 65
210 187 65
33 21 144
21 33 144
424 476 735
476 424 735
448 297 9
297 448 9
558 320 735
320 558 735
456 101 621
101 456 621
62 60 477
60 62 477
471 177 287
177 471 287
110 631 340
631 110 340
287 232 728
232 287 728
432 419 90
419 432 90
496 604 911
604 496 911
491 480 140
480 491 140
525 381 137
381 525 137
86 239 509
239 86 509
320 147 562
147 320 562
492 209 23
209 492 23
668 132 252
132 668 252
107 242 883
242 107 883
446 681 415
681 446 415
25 565 786
565 25 786
515 361 190
361 515 190
325 153 522
153 325 522
216 130 903
130 216 903
252 216 443
216 252 443
212 688 742
688 212 742
274 633 704
633 274 704
548 53 136
53 548 136
299 160 331
160 299 331
681 59 812
59 681 812
47 84 930
84 47 930
532 599 691
599 532 691
373 377 296
377 373 296
694 593 479
593 694 479
149 298 247
298 149 247
391 662 688
662 391 688
384 388 421
388 384 421
587 236 274
236 587 274
223 535 535
535 223 535
253 668 246
668 253 246
416 15 430
15 416 430
445 699 882
699 445 882
288 524 159
524 288 159
435 671 104
671 435 104
165 120 854
120 165 854
112 663 917
663 112 917
199 347 205
347 199 205
219 387 94
387 219 94
444 62 481
62 444 481
130 467 250
467 130 250
575 183 517
183 575 517
405 81 69
81 405 69
286 521 445
521 286 445
696 256 816
256 696 816
451 422 788
422 451 788
505 686 803
686 505 803
673 185 603
185 673 603
377 556 890
556 377 890
470 300 152
300 470 152
3 431 719
431 3 719
52 458 754
458 52 754
420 163 835
163 420 835
240 601 708
601 240 708
585 49 965
49 585 965
352 501 139
501 352 139
240 458 125
458 240 125
394 431 610
431 394 610
196 260 718
260 196 718
537 183 18
183 537 18
240 186 101
186 240 101
258 390 860
390 258 860
64 110 75
110 64 75
650 351 277
351 650 277
358 388 678
388 358 678
474 40 31
40 474 31
312 432 189
432 312 189
288 127 772
127 288 772
449 475 633
475 449 633
466 313 568
313 466 568
83 553 354
553 83 354
284 264 944
264 284 944
243 328 206
328 243 206
517 430 209
430 517 209
145 88 397
88 145 397
675 562 938
562 675 938
326 121 247
121 326 247
614 248 370
