0 1 886
1 0 886
1 2 480
2 1 480
2 3 120
3 2 120
3 4 989
4 3 989
4 5 344
5 4 344
5 6 316
6 5 316
6 7 877
7 6 877
7 8 772
8 7 772
8 9 320
9 8 320
9 10 848
10 9 848
10 11 939
11 10 939
11 12 61
12 11 61
12 13 565
13 12 565
13 14 369
14 13 369
14 15 827
15 14 827
15 16 44
16 15 44
16 17 811
17 16 811
17 18 635
18 17 635
18 19 755
19 18 755
19 20 823
20 19 823
20 21 360
21 20 360
21 22 373
22 21 373
22 23 34
23 22 34
23 24 555
24 23 555
24 25 83
25 24 83
25 26 324
26 25 324
26 27 128
27 26 128
27 28 297
28 27 297
28 29 299
29 28 299
29 30 857
30 29 857
30 31 645
31 30 645
31 32 185
32 31 185
32 33 336
33 32 336
33 34 765
34 33 765
34 35 173
35 34 173
35 36 31
36 35 31
36 37 80
37 36 80
37 38 401
38 37 401
38 39 802
39 38 802
39 40 752
40 39 752
40 41 600
41 40 600
41 42 92
42 41 92
42 43 164
43 42 164
43 44 165
44 43 165
44 45 813
45 44 813
45 46 991
46 45 991
46 47 560
47 46 560
47 48 623
48 47 623
48 49 977
49 48 977
49 50 314
50 49 314
50 51 445
51 50 445
51 52 336
52 51 336
52 53 686
53 52 686
53 54 830
54 53 830
54 55 243
55 54 243
55 56 120
56 55 120
56 57 153
57 56 153
57 58 722
58 57 722
58 59 769
59 58 769
59 60 803
60 59 803
60 61 578
61 60 578
61 62 413
62 61 413
62 63 987
63 62 987
63 64 265
64 63 265
64 65 529
65 64 529
65 66 512
66 65 512
66 67 295
67 66 295
67 68 961
68 67 961
68 69 912
69 68 912
69 70 449
70 69 449
70 71 712
71 70 712
71 72 512
72 71 512
72 73 892
73 72 892
73 74 227
74 73 227
74 75 28
75 74 28
75 76 56
76 75 56
76 77 217
77 76 217
77 78 587
78 77 587
78 79 30
79 78 30
79 80 545
80 79 545
80 81 252
81 80 252
81 82 474
82 81 474
82 83 233
83 82 233
83 84 938
84 83 938
84 85 303
85 84 303
85 86 475
86 85 475
86 87 409
87 86 409
87 88 807
88 87 807
88 89 548
89 88 548
89 90 177
90 89 177
90 91 962
91 90 962
91 92 477
92 91 477
92 93 942
93 92 942
93 94 948
94 93 948
94 95 741
95 94 741
95 96 470
96 95 470
96 97 811
97 96 811
97 98 387
98 97 387
98 99 430
99 98 430
99 0 75
0 99 75
92 37 431
37 92 431
19 64 486
64 19 486
87 2 516
2 87 516
32 53 341
53 32 341
64 42 996
42 64 996
90 51 154
51 90 154
79 66 266
66 79 266
20 14 6
14 20 6
90 76 744
76 90 744
71 50 283
50 71 283
16 87 65
87 16 65
35 51 902
51 35 902
22 5 769
5 22 769
59 61 671
61 59 671
53 8 561
8 53 561
4 61 350
61 4 350
84 80 615
80 84 615
56 94 972
94 56 972
46 70 68
70 46 68
1 86 361
86 1 361
65 73 265
73 65 265
18 95 70
95 18 70
54 80 249
80 54 249
24 34 57
34 24 57
37 90 370
90 37 370
38 26 150
26 38 150
53 83 696
83 53 696
76 81 819
81 76 819
43 51 592
51 43 592
89 3 762
3 89 762
62 67 781
67 62 781
10 89 920
89 10 920
64 69 168
69 64 168
88 55 576
55 88 576
77 98 297
98 77 297
24 46 122
46 24 122
7 93 998
93 7 998
89 11 294
11 89 294
92 54 290
54 92 290
82 58 52
58 82 52
44 77 184
77 44 184
66 2 419
2 66 419
88 21 460
21 88 460
95 96 89
96 95 89
93 92 305
92 93 305
90 25 578
25 90 578
84 75 267
75 84 267
47 68 912
68 47 912
54 57 594
57 54 594
12 8 290
8 12 290
41 43 345
43 41 345
8 97 115
97 8 115
48 18 926
18 48 926
14 37 60
37 14 60
70 7 350
7 70 350
96 84 486
84 96 486
3 33 292
33 3 292
14 87 649
87 14 649
59 51 410
51 59 410
92 4 345
4 92 345
52 2 460
2 52 460
0 20 737
20 0 737
96 87 751
87 96 751
85 46 422
46 85 422
92 47 870
47 92 870
28 33 93
33 28 93
31 18 736
18 31 736
57 83 709
83 57 709
8 44 710
44 8 710
52 49 54
49 52 54
57 51 865
51 57 865
9 23 602
23 9 602
5 10 704
10 5 704
90 8 477
8 90 477
56 97 764
97 56 764
89 46 160
46 89 160
76 44 717
44 76 717
60 4 225
4 60 225
13 28 606
28 13 606
19 85 909
85 19 909
83 47 333
47 83 333
36 52 443
52 36 443
92 95 652
95 92 652
68 29 308
29 68 308
92 48 708
48 92 708
91 7 585
7 91 585
87 75 197
75 87 197
91 51 953
51 91 953
5 79 911
79 5 911
24 17 819
17 24 819
64 50 349
50 64 349
68 45 741
45 68 741
63 96 609
96 63 609
45 55 527
55 45 527
89 55 235
55 89 235
80 14 171
14 80 171
67 89 367
89 67 367
59 40 319
40 59 319
16 19 229
19 16 229
88 99 4
99 88 4
4 49 352
49 4 352
94 91 137
91 94 137
42 52 882
52 42 882
97 78 472
78 97 472
64 3 519
3 64 519
34 71 608
71 34 608
52 30 100
30 52 100
71 98 120
98 71 120
90 59 703
59 90 703
64 52 998
52 64 998
37 98 89
98 37 89
25 41 493
41 25 493
90 23 683
23 90 683
95 87 286
87 95 286
65 74 557
74 65 557
73 26 139
26 73 139
72 49 437
49 72 437
43 53 79
53 43 79
55 72 720
72 55 720
7 69 209
69 7 209
58 9 834
9 58 834
2 92 242
92 2 242
77 74 89
74 77 89
64 12 455
12 64 455
90 68 780
68 90 780
17 7 852
7 17 852
66 43 748
43 66 748
19 74 155
74 19 155
75 46 874
46 75 874
34 67 434
67 34 434
28 66 144
66 28 144
82 11 386
11 82 386
37 73 577
73 37 577
49 27 867
27 49 867
70 58 484
58 70 484
77 10 503
10 77 503
72 9 522
9 72 522
46 63 949
63 46 949
44 88 36
88 44 36
63 21 528
21 63 528
92 39 24
39 92 24
2 8 287
8 2 287
40 33 863
33 40 863
41 13 81
13 41 81
11 71 917
71 11 917
40 33 419
33 40 419
65 94 292
94 65 292
57 92 209
92 57 209
27 71 271
71 27 271
6 15 711
15 6 711
29 42 813
42 29 813
89 80 305
80 89 305
23 94 847
94 23 847
88 74 710
74 88 710
59 90 251
90 59 251
60 15 340
15 60 340
52 78 50
78 52 50
44 38 147
38 44 147
23 10 770
10 23 770
29 77 480
77 29 480
71 43 49
43 71 49
51 48 924
48 51 924
45 46 312
46 45 312
72 55 624
55 72 624
62 57 121
57 62 121
23 24 460
24 23 460
27 55 861
55 27 861
23 93 360
93 23 360
46 55 129
55 46 129
85 7 887
7 85 887
56 50 288
50 56 288
8 50 211
50 8 211
5 96 875
96 5 875
77 4 850
4 77 850
69 15 191
15 69 191
80 94 498
94 80 498
41 17 491
17 41 491
63 98 481
98 63 481
90 83 440
83 90 440
39 41 17
41 39 17
99 92 579
92 99 579
57 40 805
40 57 805
34 96 6
96 34 6
26 62 975
62 26 975
93 52 108
52 93 108
87 49 101
49 87 101
4 91 453
91 4 453
19 89 285
89 19 285
24 23 44
23 24 44
16 64 60
64 16 60
8 89 625
89 8 625
1 46 260
46 1 260
49 51 938
51 49 938
11 78 532
78 11 532
63 85 119
85 63 119
85 75 557
75 85 557
89 46 898
46 89 898
73 8 923
8 73 923
96 51 939
51 96 939
62 5 674
5 62 674
4 30 727
30 4 727
75 53 79
53 75 79
31 9 651
9 31 651
16 80 68
80 16 68
53 55 624
55 53 624
42 1 873
1 42 873
15 62 795
62 15 795
63 65 85
65 63 85
28 80 991
80 28 991
84 72 328
72 84 328
13 2 240
2 13 240
43 89 472
89 43 472
53 92 640
92 53 640
33 11 846
11 33 846
40 86 188
86 40 188
93 58 656
58 93 656
53 18 74
18 53 74
89 98 206
98 89 206
31 99 90
99 31 90
3 78 928
78 3 928
68 81 167
81 68 167
12 22 990
22 12 990
17 66 982
66 17 982
77 26 443
26 77 443
63 13 888
13 63 888
20 95 928
95 20 928
91 20 369
20 91 369
25 0 742
0 25 742
66 55 920
55 66 920
93 76 453
76 93 453
11 40 576
40 11 576
1 57 994
57 1 994
34 59 72
59 34 72
60 53 487
53 60 487
25 40 409
40 25 409
46 87 688
87 46 688
7 56 579
56 7 579
84 56 320
56 84 320
50 63 592
63 50 592
43 39 44
39 43 44
7 79 619
79 7 619
8 88 613
88 8 613
94 47 36
47 94 36
54 52 522
52 54 522
79 45 283
45 79 283
84 69 919
69 84 919
92 77 498
77 92 498
76 85 169
85 76 169
79 49 760
49 79 760
74 40 156
40 74 156
81 20 126
20 81 126
41 8 738
8 41 738
8 24 290
24 8 290
12 46 822
46 12 822
57 80 51
80 57 51
42 49 970
49 42 970
86 27 819
27 86 819
64 38 794
38 64 794
13 50 969
50 13 969
54 5 750
5 54 750
26 30 292
30 26 292
20 78 547
78 20 547
44 68 260
68 44 260
42 41 769
41 42 769
22 91 511
91 22 511
24 12 49
12 24 49
3 30 464
30 3 464
69 8 534
8 69 534
19 76 440
76 19 440
76 78 166
78 76 166
6 21 304
21 6 304
26 99 851
99 26 851
23 19 462
19 23 462
65 60 230
60 65 230
40 64 517
64 40 517
88 67 600
67 88 600
3 86 21
86 3 21
12 19 892
19 12 892
67 18 676
18 67 676
73 91 980
91 73 980
0 91 182
91 0 182
75 62 643
62 75 643
40 23 224
23 40 224
32 79 964
79 32 964
96 47 105
47 96 105
15 46 60
46 15 60
18 71 474
71 18 474
9 12 633
12 9 633
82 7 651
7 82 651
74 38 603
38 74 603
17 71 878
71 17 878
79 65 770
65 79 770
54 89 855
89 54 855
85 4 251
4 85 251
8 18 32
18 8 32
68 72 851
72 68 851
91 45 560
45 91 560
29 88 839
88 29 839
37 38 265
38 37 265
27 92 934
92 27 934
51 69 613
69 51 613
16 90 20
90 16 20
44 4 111
4 44 111
47 37 271
37 47 271
17 21 491
21 17 491
89 71 983
71 89 983
34 82 238
82 34 238
70 27 906
27 70 906
60 43 233
43 60 233
52 76 84
76 52 84
73 41 453
41 73 453
16 60 858
60 16 858
12 16 320
16 12 320
54 90 177
90 54 177
27 80 318
80 27 318
50 14 505
14 50 505
84 4 721
4 84 721
55 83 626
83 55 626
67 27 210
27 67 210
72 3 646
3 72 646
45 96 98
96 45 98
13 56 955
56 13 955
73 74 538
74 73 538
79 16 67
16 79 67
58 48 384
48 58 384
8 63 240
63 8 240
92 19 960
19 92 960
99 2 937
2 99 937
29 46 440
46 29 440
85 91 637
91 85 637
81 88 951
88 81 951
90 94 177
94 90 177
15 20 66
20 15 66
94 36 132
36 94 132
52 85 516
85 52 516
0 6 305
6 0 305
19 66 105
66 19 105
2 23 104
23 2 104
88 91 299
91 88 299
21 31 601
31 21 601
78 28 427
28 78 427
94 72 288
72 94 288
25 76 325
76 25 325
92 88 425
88 92 425
99 93 296
93 99 296
65 49 369
49 65 369
19 72 472
72 19 472
20 34 112
34 20 112
63 84 34
84 63 34
37 96 826
96 37 826
65 23 724
23 65 724
59 47 363
47 59 363
85 24 687
24 85 687
77 12 463
12 77 463
28 57 758
57 28 758
45 6 127
6 45 127
30 49 738
49 30 738
16 13 953
13 16 953
53 98 700
98 53 700
90 94 877
94 90 877
55 69 953
69 55 953
17 14 853
14 17 853
93 53 282
53 93 282
57 15 11
15 57 11
15 73 456
73 15 456
73 51 973
51 73 973
52 9 973
9 52 973
65 14 426
14 65 426
63 65 468
65 63 468
10 42 524
42 10 524
79 94 491
94 79 491
48 60 343
60 48 343
13 75 652
75 13 652
29 85 119
85 29 119
54 93 92
93 54 92
65 47 410
47 65 410
27 72 528
72 27 528
93 49 443
49 93 443
58 17 153
17 58 153
52 40 785
40 52 785
46 82 185
82 46 185
59 76 479
76 59 479
51 29 354
29 51 354
89 47 360
47 89 360
82 90 417
90 82 417
99 90 179
90 99 179
62 57 120
57 62 120
11 99 731
99 11 731
80 4 283
4 80 283
20 88 82
88 20 82
2 24 441
24 2 441
30 2 65
2 30 65
31 70 524
70 31 524
30 29 506
29 30 506
98 56 864
56 98 864
83 77 486
77 83 486
54 88 985
88 54 985
84 69 989
69 84 989
19 41 129
41 19 129
0 96 454
96 0 454
40 26 256
26 40 256
56 60 540
60 56 540
78 83 422
83 78 422
58 97 858
97 58 858
86 32 935
32 86 935
23 38 576
38 23 576
7 75 597
75 7 597
94 89 877
89 94 877
94 85 682
85 94 682
86 64 290
64 86 290
94 76 181
76 94 181
73 60 602
60 73 602
33 52 597
52 33 597
43 1 806
1 43 806
81 33 741
33 81 741
24 67 964
67 24 964
99 63 64
63 99 64
93 4 293
4 93 293
39 90 974
90 39 974
6 62 472
62 6 472
82 42 897
42 82 897
94 96 230
96 94 230
99 92 425
92 99 425
0 49 206
49 0 206
86 89 762
89 86 762
10 8 726
8 10 726
23 88 507
88 23 507
80 45 171
45 80 171
6 74 677
74 6 677
20 45 511
45 20 511
63 42 658
42 63 658
59 23 957
23 59 957
3 0 909
0 3 909
52 5 195
5 52 195
94 19 257
19 94 257
96 17 379
17 96 379
84 23 207
23 84 207
17 20 729
20 17 729
75 94 757
94 75 757
92 18 159
18 92 159
86 75 370
75 86 370
61 83 925
83 61 925
61 92 278
92 61 278
19 38 224
38 19 224
95 77 435
77 95 435
64 55 271
55 64 271
40 13 188
13 40 188
60 93 215
93 60 215
7 49 911
49 7 911
51 68 421
68 51 421
89 95 791
95 89 791
50 79 715
79 50 715
23 43 184
43 23 184
61 18 922
18 61 922
8 96 356
96 8 356
73 3 626
3 73 626
69 65 626
65 69 626
62 79 885
79 62 885
12 41 288
41 12 288
62 76 28
76 62 28
4 79 59
79 4 59
