0 1 85
1 0 85
1 2 435
2 1 435
2 3 46
3 2 46
3 4 377
4 3 377
4 5 4
5 4 4
5 6 552
6 5 552
6 7 120
7 6 120
7 8 563
8 7 563
8 9 282
9 8 282
9 10 566
10 9 566
10 11 446
11 10 446
11 12 201
12 11 201
12 13 151
13 12 151
13 14 760
14 13 760
14 15 359
15 14 359
15 16 816
16 15 816
16 17 169
17 16 169
17 18 850
18 17 850
18 19 687
19 18 687
19 20 618
20 19 618
20 21 164
21 20 164
21 22 581
22 21 581
22 23 292
23 22 292
23 24 116
24 23 116
24 25 385
25 24 385
25 26 518
26 25 518
26 27 395
27 26 395
27 28 923
28 27 923
28 29 705
29 28 705
29 30 691
30 29 691
30 31 886
31 30 886
31 32 142
32 31 142
32 33 478
33 32 478
33 34 283
34 33 283
34 35 518
35 34 518
35 36 481
36 35 481
36 37 834
37 36 834
37 38 989
38 37 989
38 39 43
39 38 43
39 40 467
40 39 467
40 41 554
41 40 554
41 42 840
42 41 840
42 43 19
43 42 19
43 44 56
44 43 56
44 45 600
45 44 600
45 46 378
46 45 378
46 47 871
47 46 871
47 48 120
48 47 120
48 49 579
49 48 579
49 50 557
50 49 557
50 51 90
51 50 90
51 52 742
52 51 742
52 53 489
53 52 489
53 54 733
54 53 733
54 55 209
55 54 209
55 56 873
56 55 873
56 57 602
57 56 602
57 58 604
58 57 604
58 59 147
59 58 147
59 60 307
60 59 307
60 61 646
61 60 646
61 62 33
62 61 33
62 63 800
63 62 800
63 64 123
64 63 123
64 65 667
65 64 667
65 66 669
66 65 669
66 67 603
67 66 603
67 68 853
68 67 853
68 69 657
69 68 657
69 70 998
70 69 998
70 71 319
71 70 319
71 72 210
72 71 210
72 73 837
73 72 837
73 74 338
74 73 338
74 75 265
75 74 265
75 76 788
76 75 788
76 77 67
77 76 67
77 78 487
78 77 487
78 79 908
79 78 908
79 80 645
80 79 645
80 81 43
81 80 43
81 82 349
82 81 349
82 83 738
83 82 738
83 84 532
84 83 532
84 85 433
85 84 433
85 86 946
86 85 946
86 87 404
87 86 404
87 88 34
88 87 34
88 89 901
89 88 901
89 90 551
90 89 551
90 91 692
91 90 692
91 92 899
92 91 899
92 93 935
93 92 935
93 94 491
94 93 491
94 95 21
95 94 21
95 96 953
96 95 953
96 97 511
97 96 511
97 98 976
98 97 976
98 99 805
99 98 805
99 100 167
100 99 167
100 101 973
101 100 973
101 102 124
102 101 124
102 103 728
103 102 728
103 104 161
104 103 161
104 105 813
105 104 813
105 106 344
106 105 344
106 107 949
107 106 949
107 108 879
108 107 879
108 109 830
109 108 830
109 110 208
110 109 208
110 111 875
111 110 875
111 112 225
112 111 225
112 113 908
113 112 908
113 114 612
114 113 612
114 115 756
115 114 756
115 116 340
116 115 340
116 117 909
117 116 909
117 118 511
118 117 511
118 119 373
119 118 373
119 120 162
120 119 162
120 121 413
121 120 413
121 122 417
122 121 417
122 123 60
123 122 60
123 124 699
124 123 699
124 125 907
125 124 907
125 126 432
126 125 432
126 127 652
127 126 652
127 128 770
128 127 770
128 129 407
129 128 407
129 130 456
130 129 456
130 131 936
131 130 936
131 132 731
132 131 731
132 133 931
133 132 931
133 134 664
134 133 664
134 135 244
135 134 244
135 136 95
136 135 95
136 137 359
137 136 359
137 138 544
138 137 544
138 139 325
139 138 325
139 140 189
140 139 189
140 141 751
141 140 751
141 142 199
142 141 199
142 143 413
143 142 413
143 144 10
144 143 10
144 145 162
145 144 162
145 146 520
146 145 520
146 147 349
147 146 349
147 148 423
148 147 423
148 149 30
149 148 30
149 150 73
150 149 73
150 151 584
151 150 584
151 152 795
152 151 795
152 153 489
153 152 489
153 154 995
154 153 995
154 155 493
155 154 493
155 156 748
156 155 748
156 157 426
157 156 426
157 158 144
158 157 144
158 159 517
159 158 517
159 160 185
160 159 185
160 161 952
161 160 952
161 162 452
162 161 452
162 163 267
163 162 267
163 164 234
164 163 234
164 165 467
165 164 467
165 166 510
166 165 510
166 167 329
167 166 329
167 168 826
168 167 826
168 169 53
169 168 53
169 170 653
170 169 653
170 171 366
171 170 366
171 172 155
172 171 155
172 173 852
173 172 852
173 174 778
174 173 778
174 175 164
175 174 164
175 176 365
176 175 365
176 177 649
177 176 649
177 178 864
178 177 864
178 179 787
179 178 787
179 180 30
180 179 30
180 181 937
181 180 937
181 182 722
182 181 722
182 183 824
183 182 824
183 184 425
184 183 425
184 185 716
185 184 716
185 186 669
186 185 669
186 187 172
187 186 172
187 188 494
188 187 494
188 189 812
189 188 812
189 190 688
190 189 688
190 191 678
191 190 678
191 192 115
192 191 115
192 193 492
193 192 492
193 194 944
194 193 944
194 195 349
195 194 349
195 196 958
196 195 958
196 197 806
197 196 806
197 198 677
198 197 677
198 199 135
199 198 135
199 200 210
200 199 210
200 201 329
201 200 329
201 202 500
202 201 500
202 203 717
203 202 717
203 204 532
204 203 532
204 205 629
205 204 629
205 206 232
206 205 232
206 207 249
207 206 249
207 208 277
208 207 277
208 209 96
209 208 96
209 210 35
210 209 35
210 211 659
211 210 659
211 212 384
212 211 384
212 213 757
213 212 757
213 214 482
214 213 482
214 215 808
215 214 808
215 216 824
216 215 824
216 217 150
217 216 150
217 218 332
218 217 332
218 219 317
219 218 317
219 220 314
220 219 314
220 221 19
221 220 19
221 222 994
222 221 994
222 223 428
223 222 428
223 224 510
224 223 510
224 225 290
225 224 290
225 226 128
226 225 128
226 227 820
227 226 820
227 228 447
228 227 447
228 229 804
229 228 804
229 230 954
230 229 954
230 231 8
231 230 8
231 232 485
232 231 485
232 233 806
233 232 806
233 234 724
234 233 724
234 235 368
235 234 368
235 236 434
236 235 434
236 237 308
237 236 308
237 238 616
238 237 616
238 239 63
239 238 63
239 240 755
240 239 755
240 241 3
241 240 3
241 242 721
242 241 721
242 243 138
243 242 138
243 244 759
244 243 759
244 245 554
245 244 554
245 246 297
246 245 297
246 247 934
247 246 934
247 248 56
248 247 56
248 249 628
249 248 628
249 250 251
250 249 251
250 251 369
251 250 369
251 252 647
252 251 647
252 253 596
253 252 596
253 254 148
254 253 148
254 255 508
255 254 508
255 256 237
256 255 237
256 257 276
257 256 276
257 258 327
258 257 327
258 259 683
259 258 683
259 260 431
260 259 431
260 261 633
261 260 633
261 262 43
262 261 43
262 263 915
263 262 915
263 264 438
264 263 438
264 265 766
265 264 766
265 266 635
266 265 635
266 267 223
267 266 223
267 268 425
268 267 425
268 269 250
269 268 250
269 270 637
270 269 637
270 271 179
271 270 179
271 272 252
272 271 252
272 273 357
273 272 357
273 274 316
274 273 316
274 275 362
275 274 362
275 276 263
276 275 263
276 277 613
277 276 613
277 278 648
278 277 648
278 279 318
279 278 318
279 280 240
280 279 240
280 281 898
281 280 898
281 282 38
282 281 38
282 283 238
283 282 238
283 284 493
284 283 493
284 285 185
285 284 185
285 286 98
286 285 98
286 287 82
287 286 82
287 288 812
288 287 812
288 289 424
289 288 424
289 290 764
290 289 764
290 291 243
291 290 243
291 292 408
292 291 408
292 293 806
293 292 806
293 294 509
294 293 509
294 295 197
295 294 197
295 296 924
296 295 924
296 297 143
297 296 143
297 298 772
298 297 772
298 299 700
299 298 700
299 300 745
300 299 745
300 301 408
301 300 408
301 302 879
302 301 879
302 303 996
303 302 996
303 304 117
304 303 117
304 305 194
305 304 194
305 306 710
306 305 710
306 307 379
307 306 379
307 308 158
308 307 158
308 309 357
309 308 357
309 310 48
310 309 48
310 311 750
311 310 750
311 312 606
312 311 606
312 313 85
313 312 85
313 314 987
314 313 987
314 315 450
315 314 450
315 316 269
316 315 269
316 317 84
317 316 84
317 318 531
318 317 531
318 319 81
319 318 81
319 320 860
320 319 860
320 321 647
321 320 647
321 322 323
322 321 323
322 323 619
323 322 619
323 324 804
324 323 804
324 325 831
325 324 831
325 326 816
326 325 816
326 327 79
327 326 79
327 328 326
328 327 326
328 329 939
329 328 939
329 330 779
330 329 779
330 331 70
331 330 70
331 332 346
332 331 346
332 333 657
333 332 657
333 334 417
334 333 417
334 335 462
335 334 462
335 336 202
336 335 202
336 337 478
337 336 478
337 338 192
338 337 192
338 339 360
339 338 360
339 340 186
340 339 186
340 341 239
341 340 239
341 342 109
342 341 109
342 343 791
343 342 791
343 344 323
344 343 323
344 345 447
345 344 447
345 346 593
346 345 593
346 347 944
347 346 944
347 348 883
348 347 883
348 349 123
349 348 123
349 350 24
350 349 24
350 351 742
351 350 742
351 352 769
352 351 769
352 353 698
353 352 698
353 354 712
354 353 712
354 355 925
355 354 925
355 356 880
356 355 880
356 357 879
357 356 879
357 358 3
358 357 3
358 359 205
359 358 205
359 360 817
360 359 817
360 361 781
361 360 781
361 362 626
362 361 626
362 363 163
363 362 163
363 364 789
364 363 789
364 365 43
365 364 43
365 366 976
366 365 976
366 367 991
367 366 991
367 368 520
368 367 520
368 369 520
369 368 520
369 370 702
370 369 702
370 371 706
371 370 706
371 372 758
372 371 758
372 373 162
373 372 162
373 374 848
374 373 848
374 375 433
375 374 433
375 376 608
376 375 608
376 377 440
377 376 440
377 378 376
378 377 376
378 379 842
379 378 842
379 380 563
380 379 563
380 381 751
381 380 751
381 382 935
382 381 935
382 383 683
383 382 683
383 384 800
384 383 800
384 385 647
385 384 647
385 386 607
386 385 607
386 387 679
387 386 679
387 388 525
388 387 525
388 389 962
389 388 962
389 390 236
390 389 236
390 391 342
391 390 342
391 392 94
392 391 94
392 393 861
393 392 861
393 394 504
394 393 504
394 395 883
395 394 883
395 396 255
396 395 255
396 397 831
397 396 831
397 398 873
398 397 873
398 399 775
399 398 775
399 400 350
400 399 350
400 401 926
401 400 926
401 402 832
402 401 832
402 403 460
403 402 460
403 404 87
404 403 87
404 405 679
405 404 679
405 406 892
406 405 892
406 407 46
407 406 46
407 408 471
408 407 471
408 409 619
409 408 619
409 410 888
410 409 888
410 411 385
411 410 385
411 412 369
412 411 369
412 413 822
413 412 822
413 414 67
414 413 67
414 415 520
415 414 520
415 416 468
416 415 468
416 417 26
417 416 26
417 418 198
418 417 198
418 419 345
419 418 345
419 420 339
420 419 339
420 421 785
421 420 785
421 422 686
422 421 686
422 423 432
423 422 432
423 424 998
424 423 998
424 425 541
425 424 541
425 426 314
426 425 314
426 427 252
427 426 252
427 428 371
428 427 371
428 429 538
429 428 538
429 430 378
430 429 378
430 431 73
431 430 73
431 432 463
432 431 463
432 433 561
433 432 561
433 434 532
434 433 532
434 435 901
435 434 901
435 436 592
436 435 592
436 437 775
437 436 775
437 438 947
438 437 947
438 439 62
439 438 62
439 440 745
440 439 745
440 441 186
441 440 186
441 442 446
442 441 446
442 443 113
443 442 113
443 444 359
444 443 359
444 445 864
445 444 864
445 446 632
446 445 632
446 447 179
447 446 179
447 448 889
448 447 889
448 449 181
449 448 181
449 450 523
450 449 523
450 451 227
451 450 227
451 452 318
452 451 318
452 453 208
453 452 208
453 454 659
454 453 659
454 455 315
455 454 315
455 456 100
456 455 100
456 457 324
457 456 324
457 458 918
458 457 918
458 459 470
459 458 470
459 460 214
460 459 214
460 461 296
461 460 296
461 462 894
462 461 894
462 463 28
463 462 28
463 464 856
464 463 856
464 465 777
465 464 777
465 466 929
466 465 929
466 467 447
467 466 447
467 468 551
468 467 551
468 469 227
469 468 227
469 470 860
470 469 860
470 471 295
471 470 295
471 472 764
472 471 764
472 473 305
473 472 305
473 474 759
474 473 759
474 475 122
475 474 122
475 476 169
476 475 169
476 477 742
477 476 742
477 478 300
478 477 300
478 479 409
479 478 409
479 480 275
480 479 275
480 481 822
481 480 822
481 482 636
482 481 636
482 483 592
483 482 592
483 484 381
484 483 381
484 485 646
485 484 646
485 486 906
486 485 906
486 487 480
487 486 480
487 488 321
488 487 321
488 489 823
489 488 823
489 490 302
490 489 302
490 491 534
491 490 534
491 492 470
492 491 470
492 493 195
493 492 195
493 494 562
494 493 562
494 495 678
495 494 678
495 496 972
496 495 972
496 497 842
497 496 842
497 498 476
498 497 476
498 499 874
499 498 874
499 500 420
500 499 420
500 501 336
501 500 336
501 502 521
502 501 521
502 503 183
503 502 183
503 504 640
504 503 640
504 505 279
505 504 279
505 506 304
506 505 304
506 507 160
507 506 160
507 508 373
508 507 373
508 509 604
509 508 604
509 510 569
510 509 569
510 511 647
511 510 647
511 512 777
512 511 777
512 513 204
513 512 204
513 514 238
514 513 238
514 515 510
515 514 510
515 516 201
516 515 201
516 517 495
517 516 495
517 518 989
518 517 989
518 519 873
519 518 873
519 520 669
520 519 669
520 521 290
521 520 290
521 522 407
522 521 407
522 523 491
523 522 491
523 524 837
524 523 837
524 525 320
525 524 320
525 526 168
526 525 168
526 527 808
527 526 808
527 528 513
528 527 513
528 529 643
529 528 643
529 530 33
530 529 33
530 531 932
531 530 932
531 532 330
532 531 330
532 533 553
533 532 553
533 534 114
534 533 114
534 535 970
535 534 970
535 536 832
536 535 832
536 537 417
537 536 417
537 538 129
538 537 129
538 539 556
539 538 556
539 540 372
540 539 372
540 541 697
541 540 697
541 542 202
542 541 202
542 543 501
543 542 501
543 544 252
544 543 252
544 545 791
545 544 791
545 546 10
546 545 10
546 547 804
547 546 804
547 548 637
548 547 637
548 549 350
549 548 350
549 550 677
550 549 677
550 551 305
551 550 305
551 552 992
552 551 992
552 553 435
553 552 435
553 554 795
554 553 795
554 555 828
555 554 828
555 556 106
556 555 106
556 557 314
557 556 314
557 558 987
558 557 987
558 559 618
559 558 618
559 560 309
560 559 309
560 561 19
561 560 19
561 562 901
562 561 901
562 563 638
563 562 638
563 564 924
564 563 924
564 565 14
565 564 14
565 566 959
566 565 959
566 567 107
567 566 107
567 568 782
568 567 782
568 569 88
569 568 88
569 570 662
570 569 662
570 571 506
571 570 506
571 572 136
572 571 136
572 573 863
573 572 863
573 574 358
574 573 358
574 575 740
575 574 740
575 576 5
576 575 5
576 577 719
577 576 719
577 578 895
578 577 895
578 579 641
579 578 641
579 580 68
580 579 68
580 581 923
581 580 923
581 582 945
582 581 945
582 583 59
583 582 59
583 584 709
584 583 709
584 585 92
585 584 92
585 586 238
586 585 238
586 587 166
587 586 166
587 588 757
588 587 757
588 589 224
589 588 224
589 590 783
590 589 783
590 591 65
591 590 65
591 592 595
592 591 595
592 593 35
593 592 35
593 594 703
594 593 703
594 595 518
595 594 518
595 596 48
596 595 48
596 597 661
597 596 661
597 598 624
598 597 624
598 599 182
599 598 182
599 0 100
0 599 100
38 387 499
387 38 499
395 78 503
78 395 503
513 372 143
372 513 143
580 95 439
95 580 439
391 355 530
355 391 530
28 521 287
521 28 287
52 55 703
55 52 703
198 490 757
490 198 757
515 489 418
489 515 418
138 270 869
270 138 869
374 308 808
308 374 808
72 455 486
455 72 486
174 368 59
368 174 59
516 101 906
101 516 906
506 492 813
492 506 813
436 520 534
520 436 534
474 324 390
324 474 390
528 522 632
522 528 632
285 189 921
189 285 921
254 327 744
327 254 744
74 453 604
453 74 604
282 525 860
525 282 860
567 99 228
99 567 228
377 367 129
367 377 129
34 274 973
274 34 973
47 462 646
462 47 646
332 88 722
88 332 722
321 368 797
368 321 797
304 53 386
53 304 386
177 307 466
307 177 466
320 382 319
382 320 319
523 416 445
416 523 445
582 383 696
383 582 696
162 513 216
513 162 216
547 241 216
241 547 216
346 103 861
103 346 861
79 543 934
543 79 934
152 311 730
311 152 730
457 117 116
117 457 116
34 176 581
176 34 581
354 310 251
310 354 251
29 126 695
126 29 695
364 262 743
262 364 743
526 175 958
175 526 958
120 122 399
122 120 399
135 469 654
469 135 654
347 548 949
548 347 949
233 100 212
100 233 212
562 309 129
309 562 129
77 343 506
343 77 506
409 449 16
449 409 16
460 231 495
231 460 495
506 595 557
595 506 557
48 273 932
273 48 932
405 393 606
393 405 606
403 281 27
281 403 27
8 380 175
380 8 175
156 13 828
13 156 828
368 576 689
576 368 689
96 405 33
405 96 33
353 215 634
215 353 634
321 75 465
75 321 465
415 581 412
581 415 412
523 382 885
382 523 885
206 187 831
187 206 831
11 343 464
343 11 464
38 351 996
351 38 996
364 260 362
260 364 362
543 28 938
28 543 938
432 476 895
476 432 895
416 582 110
582 416 110
1 303 537
303 1 537
418 470 871
470 418 871
229 145 853
145 229 853
66 351 792
351 66 792
48 114 87
114 48 87
311 152 39
152 311 39
458 269 651
269 458 651
19 564 431
564 19 431
156 396 507
396 156 507
203 564 441
564 203 441
112 566 544
566 112 544
201 384 366
384 201 366
23 365 111
365 23 111
227 431 414
431 227 414
18 231 529
231 18 529
505 542 833
542 505 833
495 401 854
401 495 854
145 420 419
420 145 419
527 329 215
329 527 215
185 532 332
532 185 332
426 396 50
396 426 50
121 349 834
349 121 834
287 372 151
372 287 151
349 599 535
599 349 535
515 370 166
370 515 166
443 27 861
27 443 861
27 522 262
522 27 262
481 419 434
419 481 434
299 346 315
346 299 315
265 531 799
531 265 799
196 109 348
109 196 348
445 231 497
231 445 497
230 270 822
270 230 822
133 19 173
19 133 173
467 286 695
286 467 695
432 129 122
129 432 122
92 509 196
509 92 196
505 390 215
390 505 215
491 89 313
89 491 313
557 354 997
354 557 997
556 303 706
303 556 706
103 500 337
500 103 337
351 483 959
483 351 959
124 16 979
16 124 979
249 483 217
483 249 217
143 67 499
67 143 499
65 512 8
512 65 8
260 417 598
417 260 598
27 60 687
60 27 687
491 18 193
18 491 193
39 574 448
574 39 448
545 429 149
429 545 149
433 532 832
532 433 832
592 409 648
409 592 648
522 58 483
58 522 483
138 201 150
201 138 150
236 18 862
18 236 862
243 31 232
31 243 232
392 410 692
410 392 692
30 301 910
301 30 910
23 341 36
341 23 36
70 38 417
38 70 417
18 223 902
223 18 902
201 567 311
567 201 311
48 241 521
241 48 521
482 380 522
380 482 522
32 368 493
368 32 493
445 364 276
364 445 276
76 508 86
508 76 86
120 539 939
539 120 939
181 562 832
562 181 832
217 384 470
384 217 470
185 155 246
155 185 246
86 356 413
356 86 413
148 157 655
157 148 655
268 39 187
39 268 187
342 423 507
423 342 507
434 269 623
269 434 623
309 97 132
97 309 132
346 569 71
569 346 71
84 151 985
151 84 985
268 120 969
120 268 969
137 305 524
305 137 524
334 144 833
144 334 833
499 292 190
292 499 190
553 561 781
561 553 781
491 303 405
303 491 405
197 489 626
489 197 626
372 550 675
550 372 675
103 296 245
296 103 245
125 132 596
132 125 596
109 400 116
400 109 116
229 290 573
290 229 573
505 24 517
24 505 517
537 523 610
523 537 610
126 228 723
228 126 723
106 119 26
119 106 26
262 69 715
69 262 715
439 193 65
193 439 65
114 48 513
48 114 513
358 173 645
173 358 645
505 34 646
34 505 646
172 263 688
263 172 688
144 168 312
168 144 312
13 105 988
105 13 988
583 567 97
567 583 97
442 439 122
439 442 122
104 508 188
508 104 188
544 453 604
453 544 604
410 501 116
501 410 116
520 74 760
74 520 760
425 108 757
108 425 757
597 123 444
123 597 444
493 44 108
44 493 108
258 501 447
501 258 447
432 485 814
485 432 814
128 79 453
79 128 453
1 535 113
535 1 113
188 231 166
231 188 166
143 41 467
41 143 467
58 561 293
561 58 293
418 386 553
386 418 553
526 135 829
135 526 829
570 381 873
381 570 873
429 39 974
39 429 974
275 472 611
472 275 611
440 352 690
352 440 690
93 354 226
354 93 226
357 294 857
294 357 857
438 298 942
298 438 942
248 11 587
11 248 587
418 150 139
150 418 139
345 37 967
37 345 967
67 418 191
418 67 191
496 210 165
210 496 165
523 82 775
82 523 775
363 186 817
186 363 817
208 292 42
292 208 42
566 587 250
587 566 250
441 177 500
177 441 500
582 425 112
425 582 112
320 244 614
244 320 614
259 341 451
341 259 451
377 408 670
408 377 670
368 56 80
56 368 80
132 579 514
579 132 514
258 94 900
94 258 900
474 303 993
303 474 993
467 21 732
21 467 732
469 462 661
462 469 661
168 196 438
196 168 438
231 517 482
517 231 482
444 528 23
528 444 23
95 305 383
305 95 383
164 425 639
425 164 639
195 309 370
309 195 370
60 568 617
568 60 617
359 194 872
194 359 872
103 414 93
414 103 93
186 283 755
283 186 755
446 451 503
451 446 503
284 83 572
83 284 572
117 527 100
527 117 100
292 374 758
374 292 758
274 538 383
538 274 383
65 485 493
485 65 493
186 545 213
545 186 213
402 57 359
57 402 359
73 512 325
512 73 325
117 99 8
99 117 8
271 297 612
297 271 612
126 333 247
333 126 247
497 451 526
451 497 526
197 495 901
495 197 901
306 521 391
521 306 391
488 586 77
586 488 77
132 525 174
525 132 174
96 79 583
79 96 583
7 153 296
153 7 296
331 270 395
270 331 395
91 294 244
294 91 244
54 172 578
172 54 578
100 69 581
69 100 581
177 18 276
18 177 276
277 324 397
324 277 397
420 565 936
565 420 936
448 449 261
449 448 261
421 546 340
546 421 340
204 553 45
553 204 45
499 36 468
36 499 468
45 127 362
127 45 362
240 181 934
181 240 934
417 33 755
33 417 755
197 211 574
211 197 574
472 240 850
240 472 850
421 60 615
60 421 615
356 260 65
260 356 65
568 82 763
82 568 763
507 38 716
38 507 716
104 289 304
289 104 304
571 86 832
86 571 832
132 326 965
326 132 965
217 496 599
496 217 599
123 445 962
445 123 962
48 318 602
318 48 602
298 491 615
491 298 615
264 247 75
247 264 75
80 215 509
215 80 509
442 474 499
474 442 499
509 578 988
578 509 988
13 549 74
549 13 74
596 433 353
433 596 353
160 402 49
402 160 49
358 526 94
526 358 94
519 574 764
574 519 764
73 24 455
24 73 455
287 289 454
289 287 454
513 121 669
121 513 669
574 564 496
564 574 496
72 225 274
225 72 274
460 590 824
590 460 824
85 586 209
586 85 209
389 499 12
499 389 12
237 257 338
257 237 338
283 529 464
529 283 464
398 354 889
354 398 889
405 41 930
41 405 930
58 306 651
306 58 651
279 280 167
280 279 167
374 105 193
105 374 193
199 565 735
565 199 735
222 402 274
402 222 274
431 192 773
192 431 773
194 181 182
181 194 182
131 216 111
216 131 111
394 15 865
15 394 865
434 172 58
172 434 58
163 582 117
582 163 117
14 261 549
261 14 549
180 387 854
387 180 854
324 587 371
587 324 371
211 561 526
561 211 526
84 144 318
144 84 318
456 338 851
338 456 851
589 469 868
469 589 868
300 16 835
16 300 835
116 450 207
450 116 207
326 366 789
366 326 789
242 380 603
380 242 603
542 312 142
312 542 142
348 389 329
389 348 329
118 0 43
0 118 43
84 186 913
186 84 913
292 525 764
525 292 764
281 146 983
146 281 983
333 162 817
162 333 817
202 365 375
365 202 375
528 131 515
131 528 515
522 263 117
263 522 117
216 575 259
575 216 259
564 364 939
364 564 939
435 116 981
116 435 981
230 200 768
200 230 768
495 244 45
244 495 45
210 278 191
278 210 191
192 11 106
11 192 106
560 213 871
213 560 871
534 493 554
493 534 554
200 167 817
167 200 817
317 384 192
384 317 192
527 100 109
100 527 109
217 535 25
535 217 25
550 518 378
518 550 378
469 413 22
413 469 22
313 23 52
23 313 52
303 567 264
567 303 264
208 527 429
527 208 429
230 213 675
213 230 675
383 165 242
165 383 242
199 482 978
482 199 978
343 161 879
161 343 879
3 131 366
131 3 366
379 81 684
81 379 684
356 302 97
302 356 97
330 15 72
15 330 72
581 70 239
70 581 239
596 31 118
31 596 118
577 261 83
261 577 83
203 397 649
397 203 649
596 348 283
348 596 283
174 443 597
443 174 597
204 446 880
446 204 880
169 226 761
226 169 761
53 334 415
334 53 415
101 416 830
416 101 830
173 150 252
150 173 252
563 498 83
498 563 83
281 475 897
475 281 897
315 78 894
78 315 894
163 427 242
427 163 242
598 1 486
1 598 486
594 557 84
557 594 84
473 126 62
126 473 62
185 531 797
531 185 797
199 33 365
33 199 365
580 206 115
206 580 115
431 169 14
169 431 14
66 202 841
202 66 841
562 518 272
518 562 272
255 81 899
81 255 899
48 431 52
431 48 52
285 425 609
425 285 609
369 50 935
50 369 935
430 587 67
587 430 67
578 186 452
186 578 452
543 518 458
518 543 458
409 350 27
350 409 27
422 168 630
168 422 630
415 130 700
130 415 700
486 137 533
137 486 533
136 185 765
185 136 765
387 471 342
471 387 342
347 592 793
592 347 793
81 174 580
174 81 580
99 153 119
153 99 119
150 448 237
448 150 237
159 257 539
257 159 539
338 432 459
432 338 459
119 599 189
599 119 189
418 485 326
485 418 326
550 373 464
373 550 464
514 512 87
512 514 87
408 259 631
259 408 631
0 92 805
92 0 805
531 544 110
544 531 110
401 94 558
94 401 558
190 6 968
6 190 968
80 344 352
344 80 352
139 463 551
463 139 551
327 33 188
33 327 188
405 583 161
583 405 161
420 250 873
250 420 873
58 283 889
283 58 889
410 375 693
375 410 693
93 319 803
319 93 803
495 166 712
166 495 712
437 172 31
172 437 31
268 581 857
581 268 857
131 83 537
83 131 537
516 70 894
70 516 894
499 182 714
182 499 714
501 206 972
206 501 972
311 489 212
489 311 212
473 265 904
265 473 904
567 584 58
584 567 58
214 502 122
502 214 122
51 74 152
74 51 152
320 342 886
342 320 886
377 225 169
225 377 169
265 141 992
141 265 992
558 393 974
393 558 974
423 46 533
46 423 533
346 110 22
110 346 22
557 583 839
583 557 839
12 302 376
302 12 376
222 268 878
268 222 878
495 319 905
319 495 905
398 40 647
40 398 647
283 169 25
169 283 25
4 434 566
434 4 566
395 144 111
144 395 111
368 319 758
319 368 758
300 417 668
417 300 668
474 126 803
126 474 803
312 490 858
490 312 858
239 112 726
112 239 726
317 359 798
359 317 798
221 158 438
158 221 438
219 441 559
441 219 559
443 197 345
197 443 345
561 592 689
592 561 689
223 113 360
113 223 360
532 165 977
165 532 977
351 39 103
39 351 103
154 104 993
104 154 993
11 343 58
343 11 58
136 412 417
412 136 417
333 33 927
33 333 927
322 5 121
5 322 121
232 448 518
448 232 518
576 161 111
161 576 111
216 385 224
385 216 224
175 317 389
317 175 389
551 69 981
69 551 981
205 575 837
575 205 837
350 338 332
338 350 332
7 226 345
226 7 345
375 560 130
560 375 130
302 34 335
34 302 335
422 267 336
267 422 336
139 595 49
595 139 49
201 212 234
212 201 234
24 387 704
387 24 704
365 91 125
91 365 125
497 48 300
48 497 300
133 398 438
398 133 438
464 157 264
157 464 264
360 533 576
533 360 576
290 235 163
235 290 163
576 409 582
409 576 582
111 300 177
300 111 177
160 502 989
502 160 989
345 278 729
278 345 729
248 395 372
395 248 372
292 19 624
19 292 624
177 418 61
418 177 61
42 575 677
575 42 677
402 260 604
260 402 604
444 247 766
247 444 766
421 56 347
56 421 347
284 109 524
109 284 524
444 363 864
363 444 864
542 393 592
393 542 592
542 189 963
189 542 963
515 233 335
233 515 335
538 411 705
411 538 705
351 205 832
205 351 832
179 359 893
359 179 893
582 204 340
204 582 340
500 377 749
377 500 749
446 61 210
61 446 210
521 258 573
258 521 573
585 200 966
200 585 966
528 142 907
142 528 907
443 409 541
409 443 541
377 100 904
100 377 904
233 203 661
203 233 661
64 382 820
382 64 820
156 116 224
116 156 224
248 16 401
16 248 401
148 215 215
215 148 215
157 136 873
136 157 873
529 473 873
473 529 873
446 154 767
154 446 767
305 597 177
597 305 177
45 126 429
126 45 429
300 359 232
359 300 232
160 423 614
423 160 614
379 332 882
332 379 882
555 332 99
332 555 99
507 480 314
480 507 314
521 37 50
37 521 50
193 318 876
318 193 876
417 516 30
516 417 30
536 221 179
221 536 179
464 18 657
18 464 657
492 318 816
318 492 816
475 478 191
478 475 191
488 10 675
10 488 675
121 317 607
317 121 607
19 224 87
224 19 87
132 498 676
498 132 676
134 91 594
91 134 594
361 261 863
261 361 863
142 549 684
549 142 684
520 413 655
413 520 655
176 57 973
57 176 973
543 532 4
532 543 4
133 172 566
172 133 566
408 293 883
293 408 883
414 313 707
313 414 707
53 197 605
197 53 605
328 83 449
83 328 449
74 444 462
444 74 462
336 586 763
586 336 763
571 258 176
258 571 176
225 434 185
434 225 185
550 129 317
129 550 317
153 15 241
15 153 241
470 175 134
175 470 134
152 341 799
341 152 799
58 394 197
394 58 197
215 123 432
123 215 432
215 549 677
549 215 677
476 37 15
37 476 15
438 360 274
360 438 274
565 586 460
586 565 460
501 288 390
288 501 390
17 193 957
193 17 957
57 63 132
63 57 132
142 215 873
215 142 873
541 25 268
25 541 268
289 592 343
592 289 343
120 207 692
207 120 692
148 435 881
435 148 881
515 25 241
25 515 241
540 342 779
342 540 779
399 243 467
243 399 467
140 12 660
12 140 660
496 421 275
421 496 275
427 564 490
564 427 490
100 257 68
257 100 68
519 546 260
546 519 260
461 418 220
418 461 220
104 319 407
319 104 407
136 234 233
234 136 233
176 526 575
526 176 575
555 325 971
325 555 971
373 218 383
218 373 383
385 466 405
466 385 405
459 294 521
294 459 521
501 146 178
146 501 178
320 65 276
65 320 276
131 278 246
278 131 246
150 134 765
134 150 765
357 270 551
270 357 551
341 446 877
446 341 877
67 153 555
153 67 555
37 279 973
279 37 973
372 416 439
416 372 439
176 275 85
275 176 85
296 528 783
528 296 783
425 248 800
248 425 800
500 380 830
380 500 830
145 282 564
282 145 564
462 39 234
39 462 234
164 380 433
380 164 433
41 448 938
448 41 938
347 237 569
237 347 569
519 9 985
9 519 985
309 537 461
537 309 461
146 233 541
233 146 541
480 410 942
410 480 942
280 310 922
310 280 922
109 208 404
208 109 404
425 422 796
422 425 796
586 127 443
127 586 443
27 575 733
575 27 733
126 213 301
213 126 301
397 574 286
574 397 286
459 512 98
512 459 98
5 497 990
497 5 990
237 308 931
308 237 931
269 370 852
370 269 852
131 330 608
330 131 608
556 152 403
152 556 403
366 139 730
139 366 730
361 518 658
518 361 658
93 45 223
45 93 223
545 442 197
442 545 197
230 301 109
301 230 109
479 58 7
58 479 7
269 296 467
296 269 467
199 565 637
565 199 637
403 96 968
96 403 968
562 404 320
404 562 320
364 171 459
171 364 459
45 532 730
532 45 730
54 377 975
377 54 975
28 322 417
322 28 417
225 305 71
305 225 71
85 536 329
536 85 329
443 205 777
205 443 777
509 157 743
157 509 743
346 312 791
312 346 791
265 274 996
274 265 996
336 390 719
390 336 719
195 435 403
435 195 403
76 242 780
242 76 780
250 270 854
270 250 854
18 247 911
247 18 911
440 333 48
333 440 48
569 176 605
176 569 605
497 438 514
438 497 514
39 536 626
536 39 626
382 201 900
201 382 900
529 537 90
537 529 90
247 484 278
484 247 278
1 560 472
560 1 472
132 562 542
562 132 542
585 333 390
333 585 390
496 173 475
173 496 475
95 494 803
494 95 803
251 392 841
392 251 841
565 183 577
183 565 577
590 317 330
317 590 330
42 246 68
246 42 68
131 245 304
245 131 304
160 246 65
246 160 65
431 378 379
378 431 379
125 116 312
116 125 312
66 364 638
364 66 638
340 459 332
459 340 332
294 462 876
462 294 876
335 427 660
427 335 660
63 418 177
418 63 177
593 212 776
212 593 776
212 343 821
343 212 821
315 256 420
256 315 420
131 87 350
87 131 350
510 212 466
212 510 466
373 30 382
30 373 382
162 370 793
370 162 793
94 65 656
65 94 656
521 152 483
152 521 483
180 215 253
215 180 253
509 560 865
560 509 865
484 172 761
172 484 761
456 240 217
240 456 217
427 371 56
371 427 56
177 33 821
33 177 821
394 159 251
159 394 251
128 321 174
321 128 174
320 415 391
415 320 391
375 89 743
89 375 743
10 269 510
269 10 510
414 530 671
530 414 671
431 166 995
166 431 995
191 375 435
375 191 435
559 202 407
202 559 407
166 131 992
131 166 992
338 278 151
278 338 151
541 406 873
406 541 873
514 126 840
126 514 840
304 254 929
254 304 929
598 16 151
16 598 151
507 430 681
430 507 681
129 13 1000
13 129 1000
524 204 575
204 524 575
310 515 529
515 310 529
116 434 213
434 116 213
308 172 91
172 308 91
410 113 897
113 410 897
482 379 775
379 482 775
122 83 381
83 122 381
450 433 549
433 450 549
552 341 532
341 552 532
585 222 545
222 585 545
184 498 702
498 184 702
510 209 217
209 510 217
190 325 203
325 190 203
2 385 776
385 2 776
444 196 889
196 444 889
92 430 69
430 92 69
219 552 704
552 219 704
351 155 890
155 351 890
459 230 232
230 459 232
444 204 128
204 444 128
380 103 829
103 380 829
42 312 398
312 42 398
233 389 600
389 233 600
587 527 727
527 587 727
432 475 968
475 432 968
524 305 388
305 524 388
495 10 443
10 495 443
247 517 332
517 247 332
147 376 114
376 147 114
130 573 519
573 130 519
457 353 622
353 457 622
238 396 286
396 238 286
587 381 75
381 587 75
138 120 602
120 138 602
265 304 277
304 265 277
584 581 383
581 584 383
171 476 745
476 171 745
413 123 62
123 413 62
297 270 590
270 297 590
410 152 563
152 410 563
128 362 917
362 128 917
301 352 865
352 301 865
186 339 798
339 186 798
461 229 318
229 461 318
414 494 823
494 414 823
243 230 604
230 243 604
377 401 432
401 377 432
521 567 756
567 521 756
582 264 978
264 582 978
171 74 331
74 171 331
86 555 645
555 86 645
2 256 397
256 2 397
418 195 688
195 418 688
367 408 117
408 367 117
84 222 764
222 84 764
458 465 594
465 458 594
213 242 996
242 213 996
445 515 115
515 445 115
552 497 579
497 552 579
329 421 205
421 329 205
11 507 160
507 11 160
55 261 769
261 55 769
203 431 964
431 203 964
90 198 172
198 90 172
207 34 346
34 207 346
570 245 412
245 570 412
315 458 806
458 315 806
462 55 922
55 462 922
359 170 507
170 359 507
89 343 712
343 89 712
100 2 223
2 100 223
508 15 991
15 508 991
111 446 954
446 111 954
554 396 477
396 554 477
161 431 823
431 161 823
483 76 586
76 483 586
198 286 391
286 198 391
413 94 664
94 413 664
389 453 835
453 389 835
496 542 330
542 496 330
559 395 733
395 559 733
181 55 948
55 181 948
572 166 747
166 572 747
477 120 343
120 477 343
554 33 974
33 554 974
528 268 402
268 528 402
513 219 289
219 513 289
255 32 135
32 255 135
519 173 788
173 519 788
105 69 483
69 105 483
34 28 430
28 34 430
566 562 485
562 566 485
266 534 603
534 266 603
412 163 76
163 412 76
354 117 661
117 354 661
480 397 882
397 480 882
81 310 501
310 81 501
321 566 685
566 321 685
407 237 658
237 407 658
595 342 280
342 595 280
229 376 908
376 229 908
10 95 470
95 10 470
94 361 956
361 94 956
448 525 672
525 448 672
75 279 741
279 75 741
336 511 339
511 336 339
17 345 49
345 17 49
269 418 967
418 269 967
553 226 404
226 553 404
410 573 898
573 410 898
89 202 75
202 89 75
149 212 370
212 149 370
170 58 731
58 170 731
478 258 256
258 478 256
349 334 287
334 349 287
89 70 151
70 89 151
227 439 896
439 227 896
428 108 866
108 428 866
346 61 492
61 346 492
150 471 265
471 150 265
47 313 19
313 47 19
73 214 183
214 73 183
442 384 593
384 442 593
324 262 852
262 324 852
131 363 386
363 131 386
570 453 208
453 570 208
320 80 847
80 320 847
167 260 155
260 167 155
432 7 168
7 432 168
76 509 191
509 76 191
540 308 504
308 540 504
111 382 718
382 111 718
493 576 655
576 493 655
86 301 269
301 86 269
289 184 233
184 289 233
226 506 286
506 226 286
233 578 118
578 233 118
79 145 779
145 79 779
385 330 938
330 385 938
152 406 647
406 152 647
142 98 155
98 142 155
198 209 889
209 198 889
467 455 866
455 467 866
521 541 519
541 521 519
590 582 103
582 590 103
174 208 962
208 174 962
459 441 540
441 459 540
328 272 86
272 328 86
458 409 168
409 458 168
595 561 926
561 595 926
393 455 624
455 393 624
148 405 634
405 148 634
388 273 489
273 388 489
253 194 782
194 253 782
171 536 364
536 171 364
26 110 324
110 26 324
387 321 165
321 387 165
478 50 789
50 478 789
115 508 998
508 115 998
82 256 311
256 82 311
207 49 566
49 207 566
431 549 324
549 431 324
16 338 597
338 16 597
56 343 743
343 56 743
389 267 680
267 389 680
104 45 342
45 104 342
27 184 664
184 27 664
391 62 466
62 391 466
531 178 526
178 531 526
128 260 782
260 128 782
38 220 584
220 38 584
155 403 733
403 155 733
430 419 823
419 430 823
26 227 719
227 26 719
169 16 586
16 169 586
0 120 231
120 0 231
541 147 615
147 541 615
556 290 629
290 556 629
21 221 7
221 21 7
347 101 620
101 347 620
328 491 40
491 328 40
463 398 243
398 463 243
548 229 214
229 548 214
370 255 441
255 370 441
40 424 57
424 40 57
225 176 129
176 225 129
207 118 276
118 207 276
373 74 718
74 373 718
2 448 539
448 2 539
408 195 440
195 408 440
227 275 731
275 227 731
18 139 329
139 18 329
212 87 558
87 212 558
225 209 366
209 225 366
250 141 826
141 250 826
227 318 954
318 227 954
435 188 581
188 435 581
208 14 298
14 208 298
210 462 188
462 210 188
371 57 979
57 371 979
350 85 709
85 350 709
121 224 390
224 121 390
333 311 299
311 333 299
311 272 664
272 311 664
528 522 158
522 528 158
506 150 76
150 506 76
11 337 464
337 11 464
392 545 678
545 392 678
241 508 893
508 241 893
29 279 102
279 29 102
559 381 787
381 559 787
68 502 11
502 68 11
9 236 274
236 9 274
259 299 547
299 259 547
123 227 221
227 123 221
232 485 923
485 232 923
307 497 860
497 307 860
322 41 558
41 322 558
351 282 466
282 351 466
243 63 97
63 243 97
545 23 878
23 545 878
331 443 981
443 331 981
94 204 169
204 94 169
167 463 68
463 167 68
265 338 447
338 265 447
286 570 133
570 286 133
560 277 430
277 560 430
220 351 271
351 220 271
177 103 305
103 177 305
394 98 721
98 394 721
290 395 144
395 290 144
319 479 339
479 319 339
251 573 343
573 251 343
419 140 806
140 419 806
38 158 745
158 38 745
485 196 315
196 485 315
569 156 945
156 569 945
550 376 448
376 550 448
572 305 151
305 572 151
276 99 2
99 276 2
396 389 397
389 396 397
291 461 476
461 291 476
29 112 249
112 29 249
571 532 342
532 571 342
129 322 652
322 129 652
25 559 48
559 25 48
491 528 804
528 491 804
387 230 133
230 387 133
35 202 238
202 35 238
385 231 290
231 385 290
338 379 31
379 338 31
335 71 692
71 335 692
562 452 605
452 562 605
411 176 289
176 411 289
504 305 811
305 504 811
155 330 971
330 155 971
2 573 251
573 2 251
357 361 434
361 357 434
489 396 436
396 489 436
79 533 267
533 79 267
368 272 999
272 368 999
359 69 291
69 359 291
321 521 247
521 321 247
484 97 535
97 484 535
388 154 345
154 388 345
295 484 667
484 295 667
49 210 270
210 49 270
407 571 703
571 407 703
48 367 490
367 48 490
127 52 109
52 127 109
247 324 107
324 247 107
446 83 176
83 446 176
88 405 49
405 88 49
134 289 747
289 134 747
268 430 501
430 268 501
564 125 938
125 564 938
383 527 700
527 383 700
252 86 671
86 252 671
506 134 590
134 506 590
395 14 642
14 395 642
503 261 367
261 503 367
361 459 402
459 361 402
536 547 807
547 536 807
137 81 649
81 137 649
83 101 279
101 83 279
535 418 756
418 535 756
24 201 483
201 24 483
323 205 369
205 323 369
345 111 456
111 345 456
134 258 670
258 134 670
576 514 283
514 576 283
494 275 543
275 494 543
495 564 90
564 495 90
54 101 524
101 54 524
502 536 377
536 502 377
532 223 995
223 532 995
439 0 748
0 439 748
274 323 553
323 274 553
194 69 816
69 194 816
249 555 27
555 249 27
70 531 941
531 70 941
153 425 368
425 153 368
447 321 484
321 447 484
336 127 337
127 336 337
411 29 673
29 411 673
340 313 49
313 340 49
334 152 49
152 334 49
34 178 724
178 34 724
186 373 745
373 186 745
374 500 981
500 374 981
445 183 273
183 445 273
350 361 992
361 350 992
197 434 476
434 197 476
285 561 164
561 285 164
449 590 837
590 449 837
189 55 237
55 189 237
523 559 637
559 523 637
557 138 360
138 557 360
496 263 457
263 496 457
202 37 509
37 202 509
534 234 92
234 534 92
558 584 853
584 558 853
549 533 487
533 549 487
576 571 200
571 576 200
140 420 142
420 140 142
128 9 797
9 128 797
516 284 757
284 516 757
352 594 447
594 352 447
63 490 310
490 63 310
319 444 947
444 319 947
579 378 982
378 579 982
71 336 318
336 71 318
275 37 404
37 275 404
314 366 775
366 314 775
313 258 195
258 313 195
55 386 804
386 55 804
203 54 440
54 203 440
311 406 634
406 311 634
557 469 876
469 557 876
466 541 120
541 466 120
413 520 50
520 413 50
346 343 938
343 346 938
15 371 128
371 15 128
218 85 94
85 218 94
392 150 352
150 392 352
138 557 90
557 138 90
493 513 544
513 493 544
533 224 702
224 533 702
318 182 923
182 318 923
594 48 664
48 594 664
465 213 137
213 465 137
467 311 80
311 467 80
204 327 51
327 204 51
331 545 888
545 331 888
576 90 791
90 576 791
479 228 900
228 479 900
168 474 13
474 168 13
263 407 238
407 263 238
516 125 20
125 516 20
39 471 668
471 39 668
454 89 834
89 454 834
190 556 145
556 190 145
22 512 272
512 22 272
224 244 970
244 224 970
512 572 12
572 512 12
454 452 592
452 454 592
353 372 866
372 353 866
166 388 625
388 166 625
203 304 503
304 203 503
422 95 374
95 422 374
441 550 415
550 441 415
74 492 971
492 74 971
371 514 36
514 371 36
42 139 680
139 42 680
363 403 404
403 363 404
174 257 856
257 174 856
566 10 829
10 566 829
583 528 217
528 583 217
408 131 73
131 408 73
110 305 969
305 110 969
35 499 271
499 35 271
50 325 763
325 50 763
372 96 230
96 372 230
7 139 369
139 7 369
238 254 124
254 238 124
442 429 933
429 442 933
249 147 343
147 249 343
429 130 424
130 429 424
397 290 355
290 397 355
70 400 213
400 70 213
190 188 312
188 190 312
260 590 837
590 260 837
574 114 934
114 574 934
203 122 225
122 203 225
323 112 679
112 323 679
246 306 660
306 246 660
178 556 407
556 178 407
473 137 490
137 473 490
96 535 180
535 96 180
202 357 333
357 202 333
366 547 321
547 366 321
77 559 911
559 77 911
466 533 425
533 466 425
351 489 899
489 351 899
375 212 364
212 375 364
405 211 222
211 405 222
17 141 978
141 17 978
23 366 868
366 23 868
264 214 403
214 264 403
444 417 360
417 444 360
528 183 707
183 528 707
448 13 418
13 448 418
110 231 903
231 110 903
582 391 938
391 582 938
109 356 301
356 109 301
514 319 522
319 514 522
531 460 852
460 531 852
307 579 719
579 307 719
571 193 473
193 571 473
167 10 832
10 167 832
95 546 890
546 95 890
295 311 307
311 295 307
157 542 209
542 157 209
44 276 953
276 44 953
181 385 261
385 181 261
433 299 980
299 433 980
506 583 592
583 506 592
357 290 571
290 357 571
227 13 165
13 227 165
299 533 327
533 299 327
330 380 225
380 330 225
371 76 688
