0 1 249
1 0 249
1 2 752
2 1 752
2 3 583
3 2 583
3 4 42
4 3 42
4 5 454
5 4 454
5 6 842
6 5 842
6 7 208
7 6 208
7 8 140
8 7 140
8 9 626
9 8 626
9 10 583
10 9 583
10 11 791
11 10 791
11 12 534
12 11 534
12 13 702
13 12 702
13 14 501
14 13 501
14 15 767
15 14 767
15 16 823
16 15 823
16 17 855
17 16 855
17 18 211
18 17 211
18 19 371
19 18 371
19 20 796
20 19 796
20 21 893
21 20 893
21 22 869
22 21 869
22 23 568
23 22 568
23 24 371
24 23 371
24 25 711
25 24 711
25 26 891
26 25 891
26 27 836
27 26 836
27 28 484
28 27 484
28 29 72
29 28 72
29 30 867
30 29 867
30 31 52
31 30 52
31 32 320
32 31 320
32 33 619
33 32 619
33 34 986
34 33 986
34 35 713
35 34 713
35 36 72
36 35 72
36 37 827
37 36 827
37 38 921
38 37 921
38 39 212
39 38 212
39 40 804
40 39 804
40 41 503
41 40 503
41 42 2
42 41 2
42 43 338
43 42 338
43 44 556
44 43 556
44 45 854
45 44 854
45 46 456
46 45 456
46 47 730
47 46 730
47 48 709
48 47 709
48 49 18
49 48 18
49 50 100
50 49 100
50 51 856
51 50 856
51 52 262
52 51 262
52 53 969
53 52 969
53 54 423
54 53 423
54 55 984
55 54 984
55 56 31
56 55 31
56 57 665
57 56 665
57 58 819
58 57 819
58 59 867
59 58 867
59 60 737
60 59 737
60 61 685
61 60 685
61 62 270
62 61 270
62 63 408
63 62 408
63 64 655
64 63 655
64 65 256
65 64 256
65 66 121
66 65 121
66 67 727
67 66 727
67 68 434
68 67 434
68 69 393
69 68 393
69 70 290
70 69 290
70 71 238
71 70 238
71 72 247
72 71 247
72 73 643
73 72 643
73 74 927
74 73 927
74 75 802
75 74 802
75 76 496
76 75 496
76 77 382
77 76 382
77 78 532
78 77 532
78 79 556
79 78 556
79 80 751
80 79 751
80 81 983
81 80 983
81 82 411
82 81 411
82 83 12
83 82 12
83 84 303
84 83 303
84 85 186
85 84 186
85 86 995
86 85 995
86 87 686
87 86 686
87 88 850
88 87 850
88 89 165
89 88 165
89 90 552
90 89 552
90 91 938
91 90 938
91 92 201
92 91 201
92 93 821
93 92 821
93 94 346
94 93 346
94 95 208
95 94 208
95 96 428
96 95 428
96 97 818
97 96 818
97 98 286
98 97 286
98 99 862
99 98 862
99 100 210
100 99 210
100 101 575
101 100 575
101 102 99
102 101 99
102 103 456
103 102 456
103 104 217
104 103 217
104 105 25
105 104 25
105 106 609
106 105 609
106 107 64
107 106 64
107 108 758
108 107 758
108 109 492
109 108 492
109 110 620
110 109 620
110 111 860
111 110 860
111 112 827
112 111 827
112 113 382
113 112 382
113 114 223
114 113 223
114 115 129
115 114 129
115 116 567
116 115 567
116 117 217
117 116 217
117 118 814
118 117 814
118 119 769
119 118 769
119 120 733
120 119 733
120 121 717
121 120 717
121 122 706
122 121 706
122 123 285
123 122 285
123 124 538
124 123 538
124 125 403
125 124 403
125 126 492
126 125 492
126 127 965
127 126 965
127 128 220
128 127 220
128 129 777
129 128 777
129 130 178
130 129 178
130 131 781
131 130 781
131 132 703
132 131 703
132 133 276
133 132 276
133 134 588
134 133 588
134 135 271
135 134 271
135 136 652
136 135 652
136 137 197
137 136 197
137 138 335
138 137 335
138 139 761
139 138 761
139 140 40
140 139 40
140 141 306
141 140 306
141 142 972
142 141 972
142 143 866
143 142 866
143 144 687
144 143 687
144 145 194
145 144 194
145 146 347
146 145 347
146 147 606
147 146 606
147 148 762
148 147 762
148 149 160
149 148 160
149 150 374
150 149 374
150 151 494
151 150 494
151 152 229
152 151 229
152 153 431
153 152 431
153 154 131
154 153 131
154 155 766
155 154 766
155 156 834
156 155 834
156 157 622
157 156 622
157 158 82
158 157 82
158 159 405
159 158 405
159 160 751
160 159 751
160 161 260
161 160 260
161 162 538
162 161 538
162 163 453
163 162 453
163 164 887
164 163 887
164 165 125
165 164 125
165 166 76
166 165 76
166 167 891
167 166 891
167 168 321
168 167 321
168 169 410
169 168 410
169 170 3
170 169 3
170 171 713
171 170 713
171 172 715
172 171 715
172 173 975
173 172 975
173 174 578
174 173 578
174 175 753
175 174 753
175 176 168
176 175 168
176 177 924
177 176 924
177 178 710
178 177 710
178 179 930
179 178 930
179 180 436
180 179 436
180 181 435
181 180 435
181 182 775
182 181 775
182 183 664
183 182 664
183 184 866
184 183 866
184 185 905
185 184 905
185 186 781
186 185 781
186 187 51
187 186 51
187 188 879
188 187 879
188 189 214
189 188 214
189 190 807
190 189 807
190 191 981
191 190 981
191 192 825
192 191 825
192 193 344
193 192 344
193 194 433
194 193 433
194 195 64
195 194 64
195 196 469
196 195 469
196 197 860
197 196 860
197 198 306
198 197 306
198 199 141
199 198 141
199 200 269
200 199 269
200 201 308
201 200 308
201 202 853
202 201 853
202 203 335
203 202 335
203 204 634
204 203 634
204 205 783
205 204 783
205 206 440
206 205 440
206 207 802
207 206 802
207 208 706
208 207 706
208 209 149
209 208 149
209 210 83
210 209 83
210 211 493
211 210 493
211 212 584
212 211 584
212 213 857
213 212 857
213 214 508
214 213 508
214 215 801
215 214 801
215 216 114
216 215 114
216 217 640
217 216 640
217 218 851
218 217 851
218 219 344
219 218 344
219 220 854
220 219 854
220 221 657
221 220 657
221 222 324
222 221 324
222 223 30
223 222 30
223 224 353
224 223 353
224 225 108
225 224 108
225 226 93
226 225 93
226 227 821
227 226 821
227 228 968
228 227 968
228 229 398
229 228 398
229 230 313
230 229 313
230 231 236
231 230 236
231 232 58
232 231 58
232 233 166
233 232 166
233 234 923
234 233 923
234 235 691
235 234 691
235 236 300
236 235 300
236 237 362
237 236 362
237 238 492
238 237 492
238 239 357
239 238 357
239 240 862
240 239 862
240 241 926
241 240 926
241 242 850
242 241 850
242 243 445
243 242 445
243 244 135
244 243 135
244 245 709
245 244 709
245 246 245
246 245 245
246 247 600
247 246 600
247 248 349
248 247 349
248 249 447
249 248 447
249 250 943
250 249 943
250 251 554
251 250 554
251 252 456
252 251 456
252 253 266
253 252 266
253 254 583
254 253 583
254 255 808
255 254 808
255 256 725
256 255 725
256 257 676
257 256 676
257 258 628
258 257 628
258 259 692
259 258 692
259 260 425
260 259 425
260 261 940
261 260 940
261 262 280
262 261 280
262 263 482
263 262 482
263 264 457
264 263 457
264 265 202
265 264 202
265 266 173
266 265 173
266 267 756
267 266 756
267 268 915
268 267 915
268 269 16
269 268 16
269 270 113
270 269 113
270 271 776
271 270 776
271 272 294
272 271 294
272 273 314
273 272 314
273 274 573
274 273 573
274 275 428
275 274 428
275 276 22
276 275 22
276 277 169
277 276 169
277 278 27
278 277 27
278 279 722
279 278 722
279 280 616
280 279 616
280 281 969
281 280 969
281 282 275
282 281 275
282 283 71
283 282 71
283 284 586
284 283 586
284 285 858
285 284 858
285 286 878
286 285 878
286 287 310
287 286 310
287 288 885
288 287 885
288 289 857
289 288 857
289 290 2
290 289 2
290 291 661
291 290 661
291 292 148
292 291 148
292 293 633
293 292 633
293 294 495
294 293 495
294 295 957
295 294 957
295 296 834
296 295 834
296 297 19
297 296 19
297 298 64
298 297 64
298 299 100
299 298 100
299 300 34
300 299 34
300 301 176
301 300 176
301 302 227
302 301 227
302 303 679
303 302 679
303 304 841
304 303 841
304 305 151
305 304 151
305 306 106
306 305 106
306 307 215
307 306 215
307 308 320
308 307 320
308 309 484
309 308 484
309 310 936
310 309 936
310 311 935
311 310 935
311 312 804
312 311 804
312 313 211
313 312 211
313 314 357
314 313 357
314 315 389
315 314 389
315 316 420
316 315 420
316 317 586
317 316 586
317 318 51
318 317 51
318 319 656
319 318 656
319 320 442
320 319 442
320 321 52
321 320 52
321 322 668
322 321 668
322 323 941
323 322 941
323 324 36
324 323 36
324 325 162
325 324 162
325 326 897
326 325 897
326 327 221
327 326 221
327 328 180
328 327 180
328 329 313
329 328 313
329 330 320
330 329 320
330 331 566
331 330 566
331 332 488
332 331 488
332 333 898
333 332 898
333 334 244
334 333 244
334 335 681
335 334 681
335 336 49
336 335 49
336 337 702
337 336 702
337 338 895
338 337 895
338 339 368
339 338 368
339 340 185
340 339 185
340 341 830
341 340 830
341 342 654
342 341 654
342 343 989
343 342 989
343 344 392
344 343 392
344 345 10
345 344 10
345 346 729
346 345 729
346 347 163
347 346 163
347 348 595
348 347 595
348 349 779
349 348 779
349 350 170
350 349 170
350 351 388
351 350 388
351 352 182
352 351 182
352 353 838
353 352 838
353 354 680
354 353 680
354 355 217
355 354 217
355 356 999
356 355 999
356 357 577
357 356 577
357 358 437
358 357 437
358 359 531
359 358 531
359 360 241
360 359 241
360 361 108
361 360 108
361 362 448
362 361 448
362 363 80
363 362 80
363 364 6
364 363 6
364 365 43
365 364 43
365 366 760
366 365 760
366 367 54
367 366 54
367 368 744
368 367 744
368 369 654
369 368 654
369 370 773
370 369 773
370 371 281
371 370 281
371 372 836
372 371 836
372 373 426
373 372 426
373 374 269
374 373 269
374 375 227
375 374 227
375 376 787
376 375 787
376 377 997
377 376 997
377 378 742
378 377 742
378 379 381
379 378 381
379 380 128
380 379 128
380 381 911
381 380 911
381 382 120
382 381 120
382 383 309
383 382 309
383 384 748
384 383 748
384 385 799
385 384 799
385 386 526
386 385 526
386 387 99
387 386 99
387 388 727
388 387 727
388 389 314
389 388 314
389 390 981
390 389 981
390 391 967
391 390 967
391 392 422
392 391 422
392 393 428
393 392 428
393 394 47
394 393 47
394 395 779
395 394 779
395 396 470
396 395 470
396 397 806
397 396 806
397 398 832
398 397 832
398 399 214
399 398 214
399 400 812
400 399 812
400 401 956
401 400 956
401 402 494
402 401 494
402 403 647
403 402 647
403 404 381
404 403 381
404 405 114
405 404 114
405 406 225
406 405 225
406 407 167
407 406 167
407 408 462
408 407 462
408 409 318
409 408 318
409 410 899
410 409 899
410 411 589
411 410 589
411 412 229
412 411 229
412 413 18
413 412 18
413 414 898
414 413 898
414 415 976
415 414 976
415 416 168
416 415 168
416 417 775
417 416 775
417 418 426
418 417 426
418 419 895
419 418 895
419 420 88
420 419 88
420 421 406
421 420 406
421 422 861
422 421 861
422 423 861
423 422 861
423 424 833
424 423 833
424 425 259
425 424 259
425 426 639
426 425 639
426 427 655
427 426 655
427 428 65
428 427 65
428 429 822
429 428 822
429 430 868
430 429 868
430 431 228
431 430 228
431 432 777
432 431 777
432 433 713
433 432 713
433 434 226
434 433 226
434 435 157
435 434 157
435 436 826
436 435 826
436 437 802
437 436 802
437 438 675
438 437 675
438 439 639
439 438 639
439 440 120
440 439 120
440 441 573
441 440 573
441 442 228
442 441 228
442 443 348
443 442 348
443 444 942
444 443 942
444 445 477
445 444 477
445 446 675
446 445 675
446 447 110
447 446 110
447 448 603
448 447 603
448 449 453
449 448 453
449 450 4
450 449 4
450 451 690
451 450 690
451 452 858
452 451 858
452 453 216
453 452 216
453 454 903
454 453 903
454 455 43
455 454 43
455 456 475
456 455 475
456 457 541
457 456 541
457 458 697
458 457 697
458 459 891
459 458 891
459 460 363
460 459 363
460 461 916
461 460 916
461 462 118
462 461 118
462 463 139
463 462 139
463 464 628
464 463 628
464 465 343
465 464 343
465 466 648
466 465 648
466 467 805
467 466 805
467 468 496
468 467 496
468 469 322
469 468 322
469 470 795
470 469 795
470 471 615
471 470 615
471 472 247
472 471 247
472 473 22
473 472 22
473 474 314
474 473 314
474 475 188
475 474 188
475 476 850
476 475 850
476 477 989
477 476 989
477 478 297
478 477 297
478 479 452
479 478 452
479 480 441
480 479 441
480 481 300
481 480 300
481 482 494
482 481 494
482 483 650
483 482 650
483 484 868
484 483 868
484 485 396
485 484 396
485 486 692
486 485 692
486 487 342
487 486 342
487 488 936
488 487 936
488 489 388
489 488 388
489 490 232
490 489 232
490 491 650
491 490 650
491 492 655
492 491 655
492 493 701
493 492 701
493 494 141
494 493 141
494 495 282
495 494 282
495 496 395
496 495 395
496 497 788
497 496 788
497 498 438
498 497 438
498 499 890
499 498 890
499 0 461
0 499 461
4 206 606
206 4 606
317 394 456
394 317 456
157 190 907
190 157 907
449 342 400
342 449 400
99 61 795
61 99 795
290 402 83
402 290 83
30 485 84
485 30 84
184 185 224
185 184 224
318 79 11
79 318 11
107 320 824
320 107 824
339 324 530
324 339 530
297 494 424
494 297 424
252 151 967
151 252 967
10 101 161
101 10 161
410 52 222
52 410 222
56 342 976
342 56 976
490 224 961
224 490 961
74 261 646
261 74 646
297 79 77
79 297 77
160 38 397
38 160 397
483 378 574
378 483 574
12 175 568
175 12 568
288 279 71
279 288 71
106 289 524
289 106 524
266 51 576
51 266 576
339 460 271
460 339 271
314 450 995
450 314 995
274 24 108
24 274 108
271 174 187
174 271 187
199 186 78
186 199 78
95 169 956
169 95 956
20 33 483
33 20 483
173 113 511
113 173 511
279 402 34
402 279 34
45 454 962
454 45 962
236 414 232
414 236 232
50 216 226
216 50 226
176 93 686
93 176 686
447 267 224
267 447 224
498 453 301
453 498 301
446 474 256
474 446 256
466 7 90
7 466 90
406 181 203
181 406 203
416 312 958
312 416 958
301 210 412
210 301 412
262 446 178
446 262 178
345 497 894
497 345 894
71 173 987
173 71 987
108 473 106
473 108 106
331 471 911
471 331 911
132 417 885
417 132 885
239 236 745
236 239 745
329 142 278
142 329 278
383 410 590
410 383 590
340 63 652
63 340 652
103 178 599
178 103 599
280 23 948
23 280 948
26 446 121
446 26 121
364 54 946
54 364 946
322 386 270
386 322 270
232 18 687
18 232 687
469 257 423
257 469 423
65 86 917
86 65 917
194 322 679
322 194 679
135 162 743
162 135 743
287 118 421
118 287 421
385 398 944
398 385 944
332 276 891
276 332 891
304 493 945
493 304 945
102 315 331
315 102 331
371 399 349
399 371 349
220 458 333
458 220 333
137 396 601
396 137 601
331 218 280
218 331 280
319 233 22
233 319 22
106 351 794
351 106 794
343 101 737
101 343 737
175 378 627
378 175 627
331 223 924
223 331 924
433 390 606
390 433 606
141 454 215
454 141 215
362 412 899
412 362 899
351 160 851
160 351 851
183 379 130
379 183 130
112 2 461
2 112 461
463 295 804
295 463 804
384 330 295
330 384 295
10 161 18
161 10 18
285 95 408
95 285 408
391 251 902
251 391 902
197 317 764
317 197 764
461 215 115
215 461 115
121 418 650
418 121 650
0 47 4
47 0 4
464 402 464
402 464 464
427 197 267
197 427 267
344 81 597
81 344 597
138 444 111
444 138 111
8 81 58
81 8 58
267 472 309
472 267 309
169 126 284
126 169 284
482 193 751
193 482 751
104 463 400
463 104 400
456 11 404
11 456 404
421 265 219
265 421 219
348 462 486
462 348 486
44 396 434
396 44 434
183 192 544
192 183 544
191 273 601
273 191 601
458 98 262
98 458 262
479 119 740
119 479 740
262 102 285
102 262 285
12 58 749
58 12 749
412 14 612
14 412 612
167 435 377
435 167 377
385 136 691
136 385 691
222 180 587
180 222 587
8 215 131
215 8 131
258 256 5
256 258 5
354 265 197
265 354 197
325 356 959
356 325 959
427 140 824
140 427 824
337 388 736
388 337 736
352 351 755
351 352 755
139 227 992
227 139 992
127 418 67
418 127 67
160 356 575
356 160 575
375 487 978
487 375 978
134 95 334
95 134 334
203 449 951
449 203 951
251 274 307
274 251 307
61 54 300
54 61 300
384 391 40
391 384 40
471 95 392
95 471 392
225 235 119
235 225 119
69 214 889
214 69 889
374 245 62
245 374 62
102 84 391
84 102 391
236 179 725
179 236 725
291 480 675
480 291 675
42 254 334
254 42 334
103 160 633
160 103 633
340 52 672
52 340 672
311 147 63
147 311 63
389 234 534
234 389 534
458 449 422
449 458 422
445 323 667
323 445 667
6 425 103
425 6 103
396 13 282
13 396 282
472 156 762
156 472 762
499 198 369
198 499 369
332 154 29
154 332 29
316 494 581
494 316 581
487 305 81
305 487 81
402 194 815
194 402 815
435 4 616
4 435 616
356 449 792
449 356 792
375 307 69
307 375 69
477 204 583
204 477 583
111 28 239
28 111 239
224 27 790
27 224 790
92 359 296
359 92 296
473 27 290
27 473 290
53 15 447
15 53 447
485 417 494
417 485 494
152 204 498
204 152 498
267 412 300
412 267 300
58 287 607
287 58 607
127 117 163
117 127 163
61 80 692
80 61 692
151 304 571
304 151 571
397 282 588
282 397 588
222 309 877
309 222 877
275 324 676
324 275 676
113 93 169
93 113 169
265 149 18
149 265 18
384 62 317
62 384 317
295 201 276
201 295 276
422 318 790
318 422 790
335 398 481
398 335 481
338 55 404
55 338 404
131 304 186
304 131 186
218 26 495
26 218 495
447 153 672
153 447 672
474 266 117
266 474 117
142 383 767
383 142 767
11 268 681
268 11 681
180 63 882
63 180 882
455 337 553
337 455 553
244 24 451
24 244 451
77 362 858
362 77 858
480 493 662
493 480 662
17 64 188
64 17 188
11 363 342
363 11 342
34 337 460
337 34 460
3 331 344
331 3 344
269 342 464
342 269 464
301 22 379
22 301 379
182 329 68
329 182 68
234 426 92
426 234 92
37 355 954
355 37 954
394 335 300
335 394 300
56 204 716
204 56 716
95 215 79
215 95 79
436 102 416
102 436 416
248 105 247
105 248 247
91 226 941
226 91 941
406 27 816
27 406 816
284 61 145
61 284 145
351 296 423
296 351 423
294 333 778
333 294 778
247 79 965
79 247 965
398 487 169
487 398 169
83 236 692
236 83 692
371 338 459
338 371 459
119 295 57
295 119 57
62 373 998
373 62 998
468 400 813
400 468 813
104 461 309
461 104 309
455 109 84
109 455 84
249 294 861
294 249 861
349 374 178
374 349 178
99 361 346
361 99 346
213 444 934
444 213 934
256 316 124
316 256 124
67 287 919
287 67 919
350 291 473
291 350 473
318 43 637
43 318 637
423 5 298
5 423 298
230 466 381
466 230 381
332 261 593
261 332 593
33 135 770
135 33 770
132 348 116
348 132 116
197 145 401
145 197 401
306 313 525
313 306 525
373 100 443
100 373 443
348 450 587
450 348 587
173 121 130
121 173 130
161 44 987
44 161 987
310 126 954
126 310 954
190 458 215
458 190 215
135 343 202
343 135 202
404 476 902
476 404 902
371 25 47
25 371 47
272 331 860
331 272 860
296 56 461
56 296 461
90 257 911
257 90 911
176 430 384
430 176 384
158 443 428
443 158 428
144 254 907
254 144 907
449 296 217
296 449 217
431 60 717
60 431 717
336 388 619
388 336 619
207 413 17
413 207 17
331 97 877
97 331 877
127 153 337
153 127 337
218 262 599
262 218 599
246 44 983
44 246 983
404 488 762
488 404 762
401 242 668
242 401 668
350 38 237
38 350 237
366 322 297
322 366 297
434 158 37
158 434 37
404 217 802
217 404 802
421 49 899
49 421 899
297 28 405
28 297 405
98 166 84
166 98 84
345 211 418
211 345 418
249 199 180
199 249 180
150 293 199
293 150 199
353 183 435
183 353 435
219 5 83
5 219 83
5 15 471
15 5 471
410 85 273
85 410 273
183 134 171
134 183 171
480 14 927
14 480 927
465 113 94
113 465 94
400 458 657
458 400 657
318 59 208
59 318 208
349 62 353
62 349 353
47 267 36
267 47 36
334 486 894
486 334 894
268 343 261
343 268 261
239 253 346
253 239 346
11 288 332
288 11 332
33 268 847
268 33 847
460 85 812
85 460 812
405 338 622
338 405 622
413 156 33
156 413 33
120 357 447
357 120 447
472 256 214
256 472 214
359 90 552
90 359 552
104 211 396
211 104 396
365 450 1
450 365 1
62 461 290
461 62 290
246 346 410
346 246 410
444 158 496
158 444 496
255 63 686
63 255 686
376 328 694
328 376 694
408 448 51
448 408 51
355 420 307
420 355 307
132 249 473
249 132 473
236 460 868
460 236 868
453 410 868
410 453 868
368 223 509
223 368 509
114 421 919
421 114 919
58 80 766
80 58 766
313 495 451
495 313 451
41 324 144
324 41 144
301 272 194
272 301 194
8 45 852
45 8 852
429 29 101
29 429 101
401 265 413
265 401 413
268 71 323
71 268 323
487 439 398
439 487 398
348 53 320
53 348 320
266 111 752
111 266 752
383 276 747
276 383 747
333 317 423
317 333 423
328 118 696
118 328 696
21 127 593
127 21 593
408 121 326
121 408 326
309 238 738
238 309 738
429 161 413
161 429 413
416 452 162
452 416 162
264 5 481
5 264 481
382 468 232
468 382 232
265 96 331
96 265 331
450 265 753
265 450 753
278 236 800
236 278 800
151 215 744
215 151 744
376 123 865
123 376 865
53 432 456
432 53 456
142 361 969
361 142 969
406 129 422
129 406 422
68 246 779
246 68 779
400 480 100
480 400 100
132 246 48
246 132 48
314 48 814
48 314 814
66 327 550
327 66 550
218 478 765
478 218 765
461 206 888
206 461 888
178 259 172
259 178 172
133 254 385
254 133 385
453 160 514
160 453 514
228 111 506
111 228 506
481 92 957
92 481 957
465 190 4
190 465 4
279 238 817
238 279 817
197 417 718
417 197 718
415 248 482
248 415 482
377 454 721
454 377 721
55 66 892
66 55 892
40 320 628
320 40 628
493 332 142
332 493 142
220 413 605
413 220 605
77 394 197
394 77 197
33 359 739
359 33 739
36 138 978
138 36 978
205 335 247
335 205 247
422 103 495
103 422 495
256 480 950
480 256 950
328 35 868
35 328 868
220 75 188
75 220 188
199 68 372
68 199 372
340 140 285
140 340 285
297 217 31
217 297 31
493 102 890
102 493 890
232 491 880
491 232 880
61 196 68
196 61 68
307 470 671
470 307 671
226 150 104
150 226 104
55 185 971
185 55 971
127 112 510
112 127 510
326 32 233
32 326 233
173 369 817
369 173 817
242 399 162
399 242 162
345 141 246
141 345 246
336 372 659
372 336 659
384 439 967
439 384 967
354 461 121
461 354 121
433 463 576
463 433 576
340 0 898
0 340 898
319 112 759
112 319 759
497 145 991
145 497 991
16 318 860
318 16 860
184 412 112
412 184 112
198 257 253
257 198 253
443 445 625
445 443 625
102 329 417
329 102 417
420 36 878
36 420 878
392 469 342
469 392 342
319 161 342
161 319 342
216 480 307
480 216 307
477 451 817
451 477 817
346 121 677
121 346 677
30 33 788
33 30 788
228 143 392
143 228 392
172 88 16
88 172 16
126 418 432
418 126 432
46 306 662
306 46 662
290 275 3
275 290 3
109 436 696
436 109 696
325 416 2
416 325 2
151 245 805
245 151 805
467 91 426
91 467 426
495 122 812
122 495 812
134 202 455
202 134 455
25 226 543
226 25 543
393 352 813
352 393 813
176 250 119
250 176 119
337 40 246
40 337 246
191 1 34
1 191 34
387 326 802
326 387 802
388 329 48
329 388 48
193 149 639
149 193 639
470 496 613
496 470 613
281 131 816
131 281 816
8 393 483
393 8 483
253 98 295
98 253 295
430 348 766
348 430 766
267 241 11
241 267 11
459 94 45
94 459 45
198 421 846
421 198 846
438 102 245
102 438 245
483 251 884
251 483 884
454 248 848
248 454 848
87 231 663
231 87 663
175 239 409
239 175 409
157 345 507
345 157 507
303 275 207
275 303 207
68 42 300
42 68 300
79 353 395
353 79 395
475 51 168
51 475 168
172 490 770
490 172 770
417 473 874
473 417 874
152 279 474
279 152 474
499 367 705
367 499 705
14 394 796
394 14 796
422 51 641
51 422 641
280 354 916
354 280 916
486 275 311
275 486 311
138 206 516
206 138 516
32 181 568
181 32 568
199 205 910
205 199 910
320 122 383
122 320 383
193 126 15
126 193 15
166 126 882
126 166 882
370 492 276
492 370 276
18 414 679
414 18 679
158 194 385
194 158 385
426 32 160
32 426 160
236 170 366
170 236 366
251 54 399
54 251 399
170 253 105
253 170 105
426 78 315
78 426 315
119 205 329
205 119 329
138 183 562
183 138 562
360 175 837
175 360 837
378 441 867
441 378 867
389 487 251
487 389 251
315 19 411
19 315 411
403 42 776
42 403 776
6 96 527
96 6 527
29 202 983
202 29 983
460 128 61
128 460 61
274 99 618
99 274 618
454 237 653
237 454 653
15 98 828
98 15 828
203 328 269
328 203 269
69 217 256
217 69 256
320 384 628
384 320 628
82 287 522
287 82 522
209 146 470
146 209 470
235 175 172
175 235 172
217 135 152
135 217 152
130 262 752
262 130 752
247 216 489
216 247 489
400 84 939
84 400 939
79 139 768
139 79 768
348 209 985
209 348 985
455 381 870
381 455 870
434 463 9
463 434 9
307 172 155
172 307 155
408 181 449
181 408 449
477 169 953
169 477 953
107 283 704
283 107 704
207 499 544
499 207 544
107 435 483
435 107 483
38 75 250
75 38 250
386 284 234
284 386 234
194 17 455
17 194 455
480 463 789
463 480 789
4 469 418
469 4 418
264 3 218
3 264 218
242 24 170
24 242 170
201 307 873
307 201 873
408 158 417
158 408 417
367 94 251
94 367 251
406 169 500
169 406 500
144 305 85
305 144 85
190 174 540
174 190 540
171 6 355
6 171 355
311 10 676
10 311 676
228 275 31
275 228 31
297 369 555
369 297 555
467 70 362
70 467 362
191 479 521
479 191 521
459 198 967
198 459 967
209 104 988
104 209 988
208 249 145
249 208 145
439 318 537
318 439 537
462 324 891
324 462 891
273 334 918
334 273 918
353 461 301
461 353 301
3 330 855
330 3 855
470 253 569
253 470 569
161 84 441
84 161 441
473 282 407
282 473 407
182 387 394
387 182 394
243 136 538
136 243 538
388 427 708
427 388 708
424 390 32
390 424 32
166 15 718
15 166 718
83 221 180
221 83 180
383 224 362
224 383 362
90 194 615
194 90 615
10 207 699
207 10 699
450 180 982
180 450 982
208 215 221
215 208 221
453 458 209
458 453 209
342 346 136
346 342 136
49 270 526
270 49 526
80 436 394
436 80 394
297 371 115
371 297 115
328 107 339
107 328 339
190 49 885
49 190 885
304 59 444
59 304 444
355 9 477
9 355 477
188 69 692
69 188 692
408 22 650
22 408 650
468 216 996
216 468 996
103 265 618
265 103 618
481 197 54
197 481 54
374 346 277
346 374 277
340 175 884
175 340 884
30 217 433
217 30 433
414 373 844
373 414 844
209 228 205
228 209 205
185 268 274
268 185 274
376 176 148
176 376 148
25 496 364
496 25 364
372 100 629
100 372 629
489 81 678
81 489 678
394 307 525
307 394 525
171 499 52
499 171 52
29 268 840
268 29 840
443 141 683
141 443 683
152 222 888
222 152 888
190 490 513
490 190 513
19 160 593
160 19 593
15 23 817
23 15 817
115 4 307
4 115 307
48 181 201
181 48 201
207 57 372
57 207 372
206 108 779
108 206 779
235 228 970
228 235 970
30 222 652
222 30 652
35 444 891
444 35 891
225 434 404
434 225 404
143 305 64
305 143 64
235 321 439
321 235 439
52 288 443
288 52 443
210 189 477
189 210 477
410 248 34
248 410 34
134 455 995
455 134 995
42 222 234
222 42 234
425 444 237
444 425 237
312 240 128
240 312 128
37 27 883
27 37 883
180 332 298
332 180 298
268 153 736
153 268 736
172 294 531
294 172 531
234 483 7
483 234 7
144 83 392
83 144 392
130 38 386
38 130 386
394 433 961
433 394 961
127 210 257
210 127 257
364 22 998
22 364 998
343 411 877
411 343 877
443 208 23
208 443 23
63 214 110
214 63 110
235 8 640
8 235 640
321 343 646
343 321 646
318 426 390
426 318 390
448 317 775
317 448 775
343 102 87
102 343 87
322 312 696
312 322 696
38 186 45
186 38 45
381 97 921
97 381 921
458 40 629
40 458 629
480 104 343
104 480 343
442 191 703
191 442 703
81 365 898
365 81 898
79 183 677
183 79 677
468 131 346
131 468 346
94 326 448
326 94 448
33 149 112
149 33 112
228 39 298
39 228 298
272 421 747
421 272 747
192 379 639
379 192 639
172 212 595
212 172 595
15 154 139
154 15 139
69 87 4
87 69 4
319 18 687
18 319 687
486 317 841
317 486 841
433 496 640
496 433 640
466 145 103
145 466 103
46 184 752
184 46 752
318 457 498
457 318 498
10 189 136
189 10 136
182 253 83
253 182 83
49 259 221
259 49 221
471 346 224
346 471 224
290 365 910
365 290 910
137 203 79
203 137 79
329 136 75
136 329 75
468 454 72
454 468 72
70 0 609
0 70 609
321 318 66
318 321 66
170 180 607
180 170 607
157 215 360
215 157 360
239 116 619
116 239 619
459 439 966
439 459 966
182 81 683
81 182 683
91 218 386
218 91 386
170 47 875
47 170 875
96 367 329
367 96 329
168 289 682
289 168 682
276 110 852
110 276 852
341 132 33
132 341 33
448 290 100
290 448 100
307 29 568
29 307 568
278 489 8
489 278 8
243 23 589
23 243 589
425 115 160
115 425 160
310 137 207
137 310 207
184 233 427
233 184 427
365 401 216
401 365 216
46 29 679
29 46 679
397 371 311
371 397 311
281 171 601
171 281 601
232 330 983
330 232 983
300 108 972
108 300 972
159 351 495
351 159 495
247 128 462
128 247 462
258 291 951
291 258 951
317 327 37
327 317 37
243 192 790
192 243 790
458 90 820
90 458 820
488 42 800
42 488 800
121 213 400
213 121 400
354 395 382
395 354 382
6 4 705
4 6 705
165 207 552
207 165 552
264 188 365
188 264 365
23 479 316
479 23 316
340 158 352
158 340 352
83 203 493
203 83 493
41 293 312
293 41 312
30 133 206
133 30 206
329 255 419
255 329 419
80 461 667
461 80 667
314 467 171
467 314 171
370 132 230
132 370 230
421 396 418
396 421 418
286 271 749
271 286 749
453 111 408
111 453 408
156 194 611
194 156 611
148 88 256
88 148 256
312 470 390
470 312 390
17 151 497
151 17 497
436 231 458
231 436 458
454 397 425
397 454 425
124 268 909
268 124 909
205 189 657
189 205 657
123 327 929
327 123 929
371 280 540
280 371 540
130 436 87
436 130 87
92 85 27
85 92 27
348 397 497
397 348 497
237 414 648
414 237 648
85 202 231
202 85 231
42 156 629
156 42 629
318 132 897
132 318 897
226 338 938
338 226 938
313 265 163
265 313 163
36 45 703
45 36 703
167 482 789
482 167 789
259 419 167
419 259 167
459 168 663
168 459 663
48 434 662
434 48 662
133 489 244
489 133 244
175 145 224
145 175 224
493 130 120
130 493 120
71 320 410
320 71 410
306 133 175
133 306 175
468 169 572
169 468 572
22 188 406
188 22 406
162 300 677
300 162 677
328 259 345
259 328 345
342 160 280
160 342 280
3 293 769
293 3 769
99 469 766
469 99 766
322 314 748
314 322 748
294 238 68
238 294 68
203 44 553
44 203 553
229 364 75
364 229 75
300 387 263
387 300 263
58 49 415
49 58 415
234 378 27
378 234 27
79 220 687
220 79 687
210 76 480
76 210 480
330 175 301
175 330 301
95 349 116
349 95 116
343 143 206
143 343 206
262 346 750
346 262 750
315 427 614
427 315 614
80 352 504
352 80 504
138 402 919
402 138 919
224 132 297
132 224 297
155 204 983
204 155 983
365 132 814
132 365 814
195 307 115
307 195 115
143 157 582
157 143 582
338 152 787
152 338 787
100 499 888
499 100 888
267 278 853
278 267 853
8 358 706
358 8 706
12 496 960
496 12 960
282 73 944
73 282 944
78 228 648
228 78 648
412 94 781
94 412 781
77 141 940
141 77 940
191 136 949
136 191 949
124 474 102
474 124 102
262 427 453
427 262 453
149 194 231
194 149 231
2 55 590
55 2 590
59 67 438
67 59 438
18 201 11
201 18 11
461 131 240
131 461 240
460 43 686
43 460 686
240 120 679
120 240 679
180 164 316
164 180 316
480 140 790
140 480 790
81 403 717
403 81 717
33 52 264
52 33 264
264 406 319
406 264 319
205 465 738
465 205 738
142 335 439
335 142 439
153 296 70
296 153 70
244 109 965
109 244 965
429 349 937
349 429 937
107 381 453
381 107 453
274 362 94
362 274 94
64 295 349
295 64 349
329 400 248
400 329 248
445 159 918
159 445 918
150 124 655
124 150 655
292 460 445
460 292 445
297 108 866
108 297 866
393 217 830
217 393 830
174 419 119
419 174 119
134 152 923
152 134 923
408 366 16
366 408 16
472 162 716
162 472 716
457 343 117
343 457 117
204 288 276
288 204 276
474 290 252
290 474 252
480 434 712
434 480 712
425 84 673
84 425 673
290 477 742
477 290 742
472 152 661
152 472 661
442 286 166
286 442 166
364 194 532
194 364 532
232 19 194
19 232 194
447 328 389
328 447 389
415 384 177
384 415 177
42 358 319
358 42 319
294 339 254
339 294 254
357 116 838
116 357 838
381 258 167
258 381 167
123 82 319
82 123 319
135 24 457
24 135 457
300 241 4
241 300 4
332 325 875
325 332 875
377 124 703
124 377 703
266 40 87
40 266 87
434 297 114
297 434 114
80 488 367
488 80 367
438 104 556
104 438 556
171 362 722
362 171 722
294 297 393
297 294 393
282 321 849
321 282 849
82 414 852
414 82 852
266 91 78
91 266 78
144 216 780
216 144 780
410 108 219
108 410 219
204 42 868
42 204 868
169 123 856
123 169 856
387 413 460
413 387 460
442 84 174
84 442 174
16 231 971
231 16 971
408 13 645
13 408 645
108 447 911
447 108 911
312 214 503
214 312 503
389 358 219
358 389 219
21 120 679
120 21 679
239 176 721
176 239 721
458 346 196
346 458 196
313 233 609
233 313 609
124 28 546
28 124 546
149 396 629
396 149 629
120 156 494
156 120 494
116 264 293
264 116 293
26 76 7
76 26 7
380 318 217
318 380 217
450 339 837
339 450 837
128 78 14
78 128 14
201 36 212
36 201 212
396 201 797
201 396 797
357 325 677
325 357 677
254 474 573
474 254 573
234 446 229
446 234 229
227 62 846
62 227 846
19 441 922
441 19 922
378 173 240
173 378 240
94 124 931
124 94 931
283 104 509
104 283 509
148 305 897
305 148 897
211 54 950
54 211 950
7 411 775
411 7 775
165 101 609
101 165 609
251 47 190
47 251 190
478 462 35
462 478 35
349 255 308
255 349 308
227 428 900
428 227 900
174 404 830
404 174 830
309 361 691
361 309 691
457 166 939
166 457 939
168 220 889
220 168 889
27 483 663
483 27 663
211 0 264
0 211 264
172 251 664
251 172 664
361 81 478
81 361 478
395 431 233
431 395 233
54 10 13
10 54 13
453 36 770
36 453 770
135 345 131
345 135 131
325 154 149
154 325 149
263 322 722
322 263 722
151 350 705
350 151 705
166 413 558
413 166 558
281 85 309
85 281 309
444 298 243
298 444 243
421 45 526
45 421 526
5 100 36
100 5 36
18 405 925
405 18 925
287 40 122
40 287 122
269 365 277
365 269 277
417 481 951
481 417 951
490 132 801
132 490 801
195 298 567
298 195 567
104 80 504
80 104 504
264 376 155
376 264 155
6 150 200
150 6 200
155 151 920
151 155 920
173 57 844
57 173 844
312 449 965
449 312 965
433 167 593
167 433 593
351 148 544
148 351 544
341 132 696
132 341 696
388 283 262
283 388 262
492 215 118
215 492 118
109 91 272
91 109 272
115 241 471
241 115 471
499 249 475
249 499 475
418 422 884
422 418 884
113 87 833
87 113 833
429 20 852
20 429 852
22 223 352
223 22 352
417 484 113
484 417 113
157 119 727
119 157 727
2 334 844
334 2 844
111 277 115
277 111 115
226 19 937
19 226 937
77 268 411
268 77 411
347 42 294
42 347 294
460 481 479
481 460 479
242 354 330
354 242 330
116 77 682
77 116 682
33 346 18
346 33 18
145 4 137
4 145 137
371 6 471
6 371 471
66 117 100
117 66 100
180 195 119
195 180 119
469 273 739
273 469 739
120 133 26
133 120 26
433 466 504
466 433 504
175 320 185
320 175 185
143 250 866
250 143 866
176 96 235
96 176 235
173 100 371
100 173 371
397 458 193
458 397 193
463 75 293
75 463 293
496 123 763
123 496 763
317 396 854
396 317 854
48 368 987
368 48 987
73 301 953
301 73 953
428 328 126
328 428 126
113 471 876
471 113 876
330 499 824
499 330 824
65 25 277
25 65 277
435 422 735
422 435 735
480 237 663
237 480 663
124 85 786
85 124 786
386 402 34
402 386 34
91 451 754
451 91 754
429 376 908
376 429 908
382 305 88
305 382 88
359 418 412
418 359 412
86 100 411
100 86 411
409 165 788
165 409 788
37 453 210
453 37 210
124 433 300
433 124 300
286 409 385
409 286 385
147 139 809
139 147 809
239 90 914
90 239 914
168 466 821
466 168 821
402 123 909
123 402 909
113 393 672
393 113 672
199 494 434
494 199 434
461 159 222
159 461 222
498 112 783
112 498 783
122 397 82
397 122 82
260 158 819
158 260 819
35 306 958
306 35 958
343 397 900
397 343 900
257 65 718
65 257 718
429 320 342
320 429 342
189 433 235
433 189 235
360 485 81
485 360 81
294 446 741
446 294 741
15 444 205
444 15 205
297 419 955
419 297 955
231 179 113
179 231 113
49 67 271
67 49 271
358 262 168
262 358 168
257 19 586
19 257 586
301 257 168
257 301 168
490 42 755
42 490 755
351 27 835
27 351 835
497 473 927
473 497 927
12 270 484
270 12 484
161 189 438
189 161 438
392 220 902
220 392 902
293 139 173
139 293 173
151 402 692
402 151 692
260 421 629
421 260 629
87 74 886
74 87 886
254 65 929
65 254 929
8 268 956
268 8 956
195 117 782
117 195 782
121 129 52
129 121 52
104 142 93
142 104 93
393 387 165
387 393 165
295 32 305
32 295 305
319 36 707
36 319 707
10 296 480
296 10 480
139 383 555
383 139 555
376 490 472
490 376 472
304 498 92
498 304 92
112 45 709
45 112 709
19 189 297
189 19 297
475 183 389
183 475 389
369 70 905
70 369 905
16 455 209
455 16 209
335 491 267
491 335 267
197 287 747
287 197 747
188 171 653
171 188 653
65 13 476
13 65 476
369 363 919
363 369 919
481 409 627
409 481 627
226 428 168
428 226 168
22 403 351
403 22 351
262 124 774
124 262 774
167 140 229
140 167 229
375 475 720
475 375 720
142 25 359
25 142 359
240 213 382
213 240 382
392 278 895
278 392 895
219 0 759
0 219 759
137 333 668
333 137 668
263 60 948
60 263 948
282 434 703
434 282 703
484 197 828
197 484 828
109 364 468
364 109 468
189 239 296
239 189 296
408 233 321
233 408 321
119 473 886
473 119 886
0 217 165
217 0 165
395 436 665
436 395 665
153 73 498
73 153 498
172 188 910
188 172 910
119 322 845
322 119 845
173 307 42
307 173 42
0 416 406
416 0 406
320 458 497
458 320 497
467 366 231
366 467 231
287 337 56
337 287 56
172 338 274
338 172 274
188 85 62
85 188 62
204 238 636
238 204 636
54 262 676
262 54 676
463 233 999
233 463 999
159 406 658
406 159 658
259 425 958
425 259 958
79 383 807
383 79 807
102 388 686
388 102 686
439 443 710
443 439 710
129 68 251
68 129 251
214 130 455
130 214 455
304 117 509
117 304 509
66 292 825
292 66 825
151 142 336
142 151 336
58 151 889
151 58 889
169 77 198
77 169 198
248 312 4
312 248 4
146 414 392
414 146 392
183 206 836
206 183 836
392 335 256
335 392 256
142 50 386
50 142 386
449 354 503
354 449 503
457 273 648
273 457 648
133 424 142
424 133 142
469 334 294
334 469 294
209 3 223
3 209 223
406 103 35
103 406 35
410 249 302
249 410 302
301 432 8
432 301 8
488 177 343
177 488 343
244 171 245
171 244 245
481 120 452
120 481 452
336 430 225
430 336 225
483 63 1
63 483 1
476 384 688
384 476 688
269 93 191
93 269 191
343 0 647
0 343 647
378 410 896
410 378 896
31 63 681
63 31 681
38 404 358
404 38 358
232 0 529
0 232 529
329 481 2
481 329 2
280 317 932
317 280 932
356 152 495
152 356 495
208 129 732
129 208 732
395 250 825
250 395 825
438 94 677
94 438 677
84 324 939
324 84 939
331 355 355
355 331 355
11 245 759
245 11 759
220 329 759
329 220 759
101 158 92
158 101 92
102 290 262
290 102 262
146 413 380
413 146 380
207 394 463
394 207 463
102 145 288
145 102 288
40 91 316
91 40 316
124 267 255
267 124 255
308 474 609
474 308 609
319 71 367
71 319 367
392 400 477
400 392 477
345 411 920
411 345 920
299 201 181
201 299 181
184 200 447
200 184 447
415 407 341
407 415 341
378 9 838
9 378 838
17 402 429
402 17 429
332 26 48
26 332 48
86 186 874
186 86 874
46 6 445
6 46 445
412 250 346
250 412 346
240 447 757
447 240 757
160 246 310
246 160 310
192 282 510
282 192 510
138 49 917
49 138 917
479 279 779
279 479 779
168 148 181
148 168 181
449 481 559
481 449 559
496 419 246
419 496 246
370 318 604
318 370 604
314 230 706
230 314 706
11 323 153
323 11 153
119 335 251
335 119 251
429 379 885
379 429 885
290 18 434
18 290 434
207 349 714
349 207 714
485 17 362
17 485 362
17 466 695
466 17 695
315 466 321
466 315 321
37 284 924
284 37 924
351 366 629
366 351 629
215 41 133
41 215 133
186 376 383
376 186 383
115 108 267
108 115 267
406 126 53
126 406 53
465 327 766
327 465 766
302 196 479
196 302 479
319 163 526
163 319 526
394 330 844
330 394 844
67 367 628
367 67 628
342 70 846
70 342 846
323 137 888
137 323 888
455 324 116
324 455 116
190 439 724
439 190 724
456 197 702
197 456 702
360 162 381
162 360 381
125 316 578
316 125 578
456 135 593
135 456 593
333 382 423
382 333 423
176 449 290
449 176 290
303 291 212
291 303 212
0 466 850
466 0 850
239 422 674
422 239 674
112 464 431
464 112 431
420 14 485
14 420 485
281 176 865
176 281 865
258 345 442
345 258 442
66 480 34
480 66 34
399 214 808
214 399 808
75 15 449
15 75 449
159 160 232
160 159 232
125 361 471
361 125 471
47 34 178
34 47 178
11 350 961
350 11 961
432 364 797
364 432 797
65 393 13
393 65 13
323 238 455
238 323 455
390 70 840
70 390 840
289 285 648
285 289 648
217 300 96
300 217 96
447 459 108
459 447 108
178 437 969
437 178 969
1 484 855
484 1 855
30 496 206
496 30 206
342 280 70
280 342 70
490 345 315
345 490 315
3 20 553
20 3 553
309 262 476
262 309 476
148 404 761
404 148 761
147 121 913
121 147 913
243 68 725
68 243 725
202 99 662
99 202 662
171 452 998
452 171 998
25 482 846
482 25 846
82 177 478
177 82 478
4 167 323
167 4 323
318 170 196
170 318 196
371 479 958
479 371 958
346 480 862
480 346 862
458 127 983
127 458 983
222 403 299
403 222 299
425 2 312
2 425 312
448 454 310
454 448 310
325 288 507
288 325 507
408 465 985
465 408 985
264 485 659
485 264 659
82 7 854
7 82 854
305 339 812
339 305 812
151 319 25
319 151 25
461 298 360
298 461 360
36 21 263
21 36 263
334 298 765
298 334 765
146 98 71
98 146 71
307 423 859
423 307 859
313 183 177
183 313 177
297 447 162
447 297 162
456 30 21
30 456 21
161 335 360
335 161 360
324 339 31
339 324 31
349 152 830
152 349 830
208 188 703
188 208 703
322 23 353
23 322 353
21 450 157
450 21 157
328 225 367
225 328 367
141 409 543
409 141 543
291 208 56
208 291 56
99 238 77
238 99 77
260 426 788
426 260 788
437 117 171
117 437 171
286 269 1000
269 286 1000
346 458 54
458 346 54
168 333 406
333 168 406
106 354 208
354 106 208
114 182 433
182 114 433
480 175 194
175 480 194
375 466 403
466 375 403
430 417 493
417 430 493
358 178 919
178 358 919
498 115 36
115 498 36
168 253 158
253 168 158
167 451 468
451 167 468
72 471 801
471 72 801
329 77 655
77 329 655
36 191 189
191 36 189
320 23 364
23 320 364
14 398 183
398 14 183
416 181 600
181 416 600
408 39 130
39 408 130
179 37 745
37 179 745
66 205 850
205 66 850
75 224 153
224 75 153
42 148 624
148 42 624
342 477 701
477 342 701
348 365 244
365 348 244
36 186 620
186 36 620
252 52 18
52 252 18
434 320 551
320 434 551
33 80 591
80 33 591
259 479 760
479 259 760
178 37 962
37 178 962
253 261 114
261 253 114
296 262 738
262 296 738
490 239 790
239 490 790
339 105 386
105 339 386
227 143 5
143 227 5
479 47 374
47 479 374
413 367 925
367 413 925
299 447 867
447 299 867
314 59 198
59 314 198
73 89 735
89 73 735
386 342 349
342 386 349
110 237 982
237 110 982
201 378 173
