0 1 287
1 0 287
1 2 625
2 1 625
2 3 25
3 2 25
3 4 585
4 3 585
4 5 61
5 4 61
5 6 967
6 5 967
6 7 178
7 6 178
7 8 618
8 7 618
8 9 436
9 8 436
9 10 4
10 9 4
10 11 197
11 10 197
11 12 132
12 11 132
12 13 866
13 12 866
13 14 617
14 13 617
14 15 297
15 14 297
15 16 697
16 15 697
16 17 942
17 16 942
17 18 543
18 17 543
18 19 831
19 18 831
19 20 72
20 19 72
20 21 400
21 20 400
21 22 263
22 21 263
22 23 504
23 22 504
23 24 443
24 23 443
24 25 666
25 24 666
25 26 620
26 25 620
26 27 348
27 26 348
27 28 263
28 27 263
28 29 75
29 28 75
29 30 722
30 29 722
30 31 689
31 30 689
31 32 714
32 31 714
32 33 346
33 32 346
33 34 713
34 33 713
34 35 298
35 34 298
35 36 758
36 35 758
36 37 31
37 36 31
37 38 827
38 37 827
38 39 375
39 38 375
39 40 819
40 39 819
40 41 830
41 40 830
41 42 924
42 41 924
42 43 950
43 42 950
43 44 47
44 43 47
44 45 540
45 44 540
45 46 599
46 45 599
46 47 743
47 46 743
47 48 481
48 47 481
48 49 141
49 48 141
49 50 926
50 49 926
50 51 904
51 50 904
51 52 892
52 51 892
52 53 540
53 52 540
53 54 407
54 53 407
54 55 334
55 54 334
55 56 206
56 55 206
56 57 379
57 56 379
57 58 682
58 57 682
58 59 820
59 58 820
59 60 453
60 59 453
60 61 755
61 60 755
61 62 509
62 61 509
62 63 518
63 62 518
63 64 101
64 63 101
64 65 573
65 64 573
65 66 816
66 65 816
66 67 210
67 66 210
67 68 956
68 67 956
68 69 642
69 68 642
69 70 585
70 69 585
70 71 774
71 70 774
71 72 472
72 71 472
72 73 508
73 72 508
73 74 75
74 73 75
74 75 518
75 74 518
75 76 399
76 75 399
76 77 673
77 76 673
77 78 613
78 77 613
78 79 231
79 78 231
79 80 813
80 79 813
80 81 890
81 80 890
81 82 134
82 81 134
82 83 704
83 82 704
83 84 429
84 83 429
84 85 893
85 84 893
85 86 390
86 85 390
86 87 986
87 86 986
87 88 271
88 87 271
88 89 71
89 88 71
89 90 806
90 89 806
90 91 75
91 90 75
91 92 825
92 91 825
92 93 666
93 92 666
93 94 945
94 93 945
94 95 277
95 94 277
95 96 590
96 95 590
96 97 760
97 96 760
97 98 487
98 97 487
98 99 545
99 98 545
99 100 753
100 99 753
100 101 423
101 100 423
101 102 318
102 101 318
102 103 576
103 102 576
103 104 282
104 103 282
104 105 393
105 104 393
105 106 446
106 105 446
106 107 32
107 106 32
107 108 417
108 107 417
108 109 410
109 108 410
109 110 262
110 109 262
110 111 582
111 110 582
111 112 299
112 111 299
112 113 747
113 112 747
113 114 637
114 113 637
114 115 727
115 114 727
115 116 991
116 115 991
116 117 26
117 116 26
117 118 65
118 117 65
118 119 613
119 118 613
119 120 96
120 119 96
120 121 870
121 120 870
121 122 40
122 121 40
122 123 273
123 122 273
123 124 887
124 123 887
124 125 984
125 124 984
125 126 901
126 125 901
126 127 476
127 126 476
127 128 743
128 127 743
128 129 739
129 128 739
129 130 373
130 129 373
130 131 847
131 130 847
131 132 513
132 131 513
132 133 690
133 132 690
133 134 423
134 133 423
134 135 794
135 134 794
135 136 434
136 135 434
136 137 868
137 136 868
137 138 825
138 137 825
138 139 851
139 138 851
139 140 277
140 139 277
140 141 438
141 140 438
141 142 432
142 141 432
142 143 575
143 142 575
143 144 537
144 143 537
144 145 68
145 144 68
145 146 653
146 145 653
146 147 527
147 146 527
147 148 94
148 147 94
148 149 717
149 148 717
149 150 140
150 149 140
150 151 541
151 150 541
151 152 938
152 151 938
152 153 531
153 152 531
153 154 165
154 153 165
154 155 176
155 154 176
155 156 514
156 155 514
156 157 66
157 156 66
157 158 4
158 157 4
158 159 608
159 158 608
159 160 156
160 159 156
160 161 376
161 160 376
161 162 454
162 161 454
162 163 669
163 162 669
163 164 65
164 163 65
164 165 876
165 164 876
165 166 814
166 165 814
166 167 851
167 166 851
167 168 743
168 167 743
168 169 639
169 168 639
169 170 53
170 169 53
170 171 371
171 170 371
171 172 428
172 171 428
172 173 484
173 172 484
173 174 297
174 173 297
174 175 964
175 174 964
175 176 903
176 175 903
176 177 950
177 176 950
177 178 843
178 177 843
178 179 348
179 178 348
179 180 18
180 179 18
180 181 334
181 180 334
181 182 241
182 181 241
182 183 308
183 182 308
183 184 864
184 183 864
184 185 405
185 184 405
185 186 483
186 185 483
186 187 377
187 186 377
187 188 822
188 187 822
188 189 838
189 188 838
189 190 336
190 189 336
190 191 978
191 190 978
191 192 213
192 191 213
192 193 789
193 192 789
193 194 646
194 193 646
194 195 630
195 194 630
195 196 17
196 195 17
196 197 459
197 196 459
197 198 832
198 197 832
198 199 111
199 198 111
199 0 449
0 199 449
81 28 367
28 81 367
177 191 621
191 177 621
78 33 969
33 78 969
118 8 108
8 118 108
181 164 942
164 181 942
109 186 780
186 109 780
44 163 344
163 44 344
185 160 973
160 185 973
1 170 804
170 1 804
111 19 687
19 111 687
144 199 405
199 144 405
190 177 305
177 190 305
176 145 105
145 176 105
94 105 212
105 94 212
28 69 154
69 28 154
137 7 933
7 137 933
134 122 276
122 134 276
119 82 601
82 119 601
120 53 756
53 120 756
183 24 795
24 183 795
80 23 551
23 80 551
106 165 928
165 106 928
10 93 625
93 10 625
67 140 530
140 67 530
78 168 752
168 78 752
57 158 716
158 57 716
191 81 344
81 191 344
110 115 944
115 110 944
182 120 51
120 182 51
118 96 845
96 118 845
198 119 396
119 198 396
56 37 675
37 56 675
18 130 300
130 18 300
85 70 181
70 85 181
164 190 932
190 164 932
147 48 43
48 147 43
39 75 7
75 39 7
150 142 302
142 150 302
84 63 352
63 84 352
159 148 353
148 159 353
31 143 209
143 31 209
169 179 951
179 169 951
68 64 174
64 68 174
49 180 564
180 49 564
132 128 964
128 132 964
174 191 804
191 174 804
1 149 706
149 1 706
144 50 742
50 144 742
159 153 545
153 159 545
101 48 550
48 101 550
196 9 970
9 196 970
166 188 273
188 166 273
34 52 446
52 34 446
35 33 361
33 35 361
168 161 325
161 168 325
94 104 480
104 94 480
96 5 185
5 96 185
192 7 278
7 192 278
151 160 822
160 151 822
21 62 423
62 21 423
123 10 232
10 123 232
92 176 420
176 92 420
164 163 224
163 164 224
161 198 457
198 161 457
122 118 770
118 122 770
46 13 826
13 46 826
125 61 631
61 125 631
53 189 739
189 53 739
150 112 178
112 150 178
164 134 901
134 164 901
174 165 946
165 174 946
151 136 910
136 151 910
114 159 24
159 114 24
64 16 146
16 64 146
183 137 944
137 183 944
196 115 869
115 196 869
9 97 682
97 9 682
14 87 772
87 14 772
170 37 36
37 170 36
147 153 370
153 147 370
0 127 287
127 0 287
145 30 623
30 145 623
6 144 183
144 6 183
29 161 551
161 29 551
144 39 470
39 144 470
92 154 690
154 92 690
101 4 371
4 101 371
115 91 495
91 115 495
37 80 530
80 37 530
136 33 900
33 136 900
136 160 538
160 136 538
33 143 161
143 33 161
40 39 343
39 40 343
21 0 245
0 21 245
148 144 284
144 148 284
17 188 991
188 17 991
107 89 995
89 107 995
29 156 486
156 29 486
193 117 254
117 193 254
82 150 505
150 82 505
18 62 42
62 18 42
5 153 797
153 5 797
45 47 618
47 45 618
45 91 966
91 45 966
142 127 136
127 142 136
117 42 773
42 117 773
63 23 481
23 63 481
100 147 827
147 100 827
17 152 709
152 17 709
167 8 279
8 167 279
181 1 283
1 181 283
187 155 79
155 187 79
184 2 697
2 184 697
181 46 14
46 181 14
75 173 501
173 75 501
42 94 731
94 42 731
105 118 211
118 105 211
5 17 389
17 5 389
174 169 97
169 174 97
93 129 376
129 93 376
74 130 10
130 74 10
13 37 89
37 13 89
149 192 137
192 149 137
131 190 502
190 131 502
6 115 3
115 6 3
116 157 497
157 116 497
46 14 215
14 46 215
9 171 232
171 9 232
197 145 153
145 197 153
46 38 834
38 46 834
21 64 317
64 21 317
182 78 154
78 182 154
70 27 298
27 70 298
110 87 861
87 110 861
69 2 863
2 69 863
185 111 711
111 185 711
184 77 278
77 184 278
145 48 861
48 145 861
142 145 14
145 142 14
140 135 199
135 140 199
113 152 515
152 113 515
96 30 669
30 96 669
166 9 318
9 166 318
125 72 206
72 125 206
137 141 960
141 137 960
151 126 272
126 151 272
61 62 349
62 61 349
90 7 350
7 90 350
151 102 47
102 151 47
116 42 735
42 116 735
114 156 87
156 114 87
52 68 250
68 52 250
170 29 567
29 170 567
47 101 124
101 47 124
184 42 84
42 184 84
135 121 707
121 135 707
149 183 407
183 149 407
39 143 108
143 39 108
190 45 507
45 190 507
106 87 241
87 106 241
43 78 403
78 43 403
47 146 652
146 47 652
18 127 570
127 18 570
65 29 694
29 65 694
50 23 129
23 50 129
137 144 835
144 137 835
38 80 241
80 38 241
30 175 701
175 30 701
20 6 80
6 20 80
107 198 605
198 107 605
103 76 7
76 103 7
150 174 658
174 150 658
120 101 579
101 120 579
82 71 237
71 82 237
106 199 326
199 106 326
2 33 565
33 2 565
34 26 595
26 34 595
9 78 567
78 9 567
29 84 998
84 29 998
82 1 145
1 82 145
110 7 95
7 110 95
84 16 16
16 84 16
137 195 354
195 137 354
20 18 942
18 20 942
126 18 267
18 126 267
128 3 831
3 128 831
163 181 777
181 163 777
172 59 696
59 172 696
143 92 644
92 143 644
177 46 788
46 177 788
87 5 234
5 87 234
123 174 601
174 123 601
61 169 954
169 61 954
81 139 895
139 81 895
7 157 514
157 7 514
87 113 696
113 87 696
50 94 473
94 50 473
175 154 168
154 175 168
129 49 212
49 129 212
172 179 858
179 172 858
111 66 816
66 111 816
96 142 390
142 96 390
3 110 3
110 3 3
84 49 898
49 84 898
43 7 763
7 43 763
82 72 458
72 82 458
133 166 930
166 133 930
60 72 449
72 60 449
189 122 13
122 189 13
113 53 222
53 113 222
24 71 37
71 24 37
120 13 426
13 120 426
169 16 936
16 169 936
172 52 386
52 172 386
21 47 345
47 21 345
183 130 617
130 183 617
40 15 183
15 40 183
122 75 608
75 122 608
122 64 482
64 122 482
129 134 557
134 129 557
153 5 945
5 153 945
25 19 371
19 25 371
195 187 658
187 195 658
119 192 43
192 119 43
140 39 739
39 140 739
75 121 355
121 75 355
67 136 890
136 67 890
189 163 497
163 189 497
64 179 978
179 64 978
198 108 664
108 198 664
106 13 69
13 106 69
51 39 440
39 51 440
173 186 628
186 173 628
105 171 826
171 105 826
197 10 564
10 197 564
72 84 919
84 72 919
91 172 160
172 91 160
81 136 8
136 81 8
145 115 337
115 145 337
95 24 1000
24 95 1000
154 37 68
37 154 68
5 28 508
28 5 508
130 14 487
14 130 487
57 185 669
185 57 669
19 149 493
149 19 493
55 19 985
19 55 985
28 178 18
178 28 18
164 137 915
137 164 915
79 73 362
73 79 362
55 72 916
72 55 916
45 91 873
91 45 873
73 150 603
150 73 603
88 36 116
36 88 116
111 45 101
45 111 101
1 24 521
24 1 521
172 160 101
160 172 101
102 129 465
129 102 465
39 195 697
195 39 697
112 157 504
157 112 504
24 148 629
148 24 629
49 22 579
22 49 579
3 62 368
62 3 368
118 173 13
173 118 13
171 105 630
105 171 630
124 130 151
130 124 151
97 42 251
42 97 251
199 172 68
172 199 68
39 119 116
119 39 116
103 28 619
28 103 619
40 53 168
53 40 168
20 54 742
54 20 742
198 57 804
57 198 804
165 176 977
176 165 977
130 99 283
99 130 283
159 23 565
23 159 565
120 158 265
158 120 265
82 131 464
131 82 464
2 46 167
46 2 167
30 64 759
64 30 759
35 183 331
183 35 331
89 124 482
124 89 482
99 127 999
127 99 999
27 56 529
56 27 529
126 90 689
90 126 689
149 6 350
6 149 350
22 164 614
164 22 614
94 47 297
47 94 297
157 1 95
1 157 95
183 111 587
111 183 587
19 94 917
94 19 917
60 19 398
19 60 398
159 98 749
98 159 749
186 106 277
106 186 277
64 196 317
196 64 317
14 154 19
154 14 19
188 119 984
119 188 984
82 118 281
118 82 281
191 119 375
119 191 375
18 102 886
102 18 886
4 73 333
73 4 333
73 86 104
86 73 104
22 45 354
45 22 354
170 184 61
184 170 61
48 8 916
8 48 916
14 163 934
163 14 934
2 34 918
34 2 918
36 104 550
104 36 550
27 175 924
175 27 924
198 29 162
29 198 162
154 103 846
103 154 846
27 189 949
189 27 949
2 186 302
186 2 302
124 122 362
122 124 362
123 171 923
171 123 923
191 137 638
137 191 638
124 140 672
140 124 672
41 176 328
176 41 328
190 156 103
156 190 103
66 154 332
154 66 332
179 108 835
108 179 835
24 88 176
88 24 176
172 42 515
42 172 515
166 36 188
36 166 188
42 7 462
7 42 462
33 145 99
145 33 99
157 37 122
37 157 122
151 165 449
165 151 449
121 150 312
150 121 312
27 81 691
81 27 691
88 68 915
68 88 915
128 43 439
43 128 439
170 157 265
157 170 265
88 146 804
146 88 804
130 153 265
153 130 265
115 50 715
50 115 715
25 39 836
39 25 836
128 5 636
5 128 636
21 78 186
78 21 186
85 106 419
106 85 419
175 194 487
194 175 487
122 82 681
82 122 681
44 191 297
191 44 297
137 99 16
99 137 16
43 115 931
115 43 931
45 181 308
181 45 308
85 16 836
16 85 836
42 3 810
3 42 810
120 188 95
188 120 95
26 7 422
7 26 422
172 45 664
45 172 664
94 127 697
127 94 697
138 71 345
71 138 345
23 8 445
8 23 445
38 51 512
51 38 512
93 180 335
180 93 335
61 15 777
15 61 777
65 176 497
176 65 497
5 70 76
70 5 76
164 44 448
44 164 448
10 107 95
107 10 95
89 155 633
155 89 633
160 100 608
100 160 608
121 96 246
96 121 246
159 118 374
118 159 374
52 98 60
98 52 60
66 65 836
65 66 836
131 42 685
42 131 685
64 111 854
111 64 854
108 158 816
158 108 816
168 52 905
52 168 905
123 37 18
37 123 18
175 44 539
44 175 539
23 42 215
42 23 215
183 112 589
112 183 589
187 162 648
162 187 648
27 35 337
35 27 337
21 71 626
71 21 626
86 182 831
182 86 831
146 92 646
92 146 646
114 145 550
145 114 550
190 134 919
134 190 919
165 130 809
130 165 809
189 172 24
172 189 24
172 36 964
36 172 964
111 198 611
198 111 611
165 26 798
26 165 798
53 199 669
199 53 669
78 85 651
85 78 651
143 105 499
105 143 499
40 7 289
7 40 289
126 125 455
125 126 455
56 86 996
86 56 996
109 119 818
119 109 818
30 16 835
16 30 835
195 194 633
194 195 633
1 193 653
193 1 653
31 103 693
103 31 693
198 197 466
197 198 466
190 4 755
4 190 755
116 82 561
82 116 561
172 168 556
168 172 556
153 29 275
29 153 275
123 53 705
53 123 705
139 39 253
39 139 253
85 23 254
23 85 254
30 76 685
76 30 685
61 131 377
131 61 377
28 81 327
81 28 327
94 71 83
71 94 83
0 139 565
139 0 565
160 111 285
111 160 285
115 17 914
17 115 914
140 118 46
118 140 46
158 49 717
49 158 717
181 54 747
54 181 747
9 139 161
139 9 161
140 67 541
67 140 541
173 193 387
193 173 387
44 28 987
28 44 987
183 192 147
192 183 147
47 77 862
77 47 862
16 142 555
142 16 555
108 61 601
61 108 601
139 171 602
171 139 602
104 56 906
56 104 906
66 147 418
147 66 418
6 166 959
166 6 959
180 112 345
112 180 345
176 140 332
140 176 332
112 132 830
132 112 830
111 161 44
161 111 44
56 197 788
197 56 788
117 149 879
149 117 879
40 151 686
151 40 686
96 159 943
159 96 943
162 106 361
106 162 361
121 72 319
72 121 319
53 136 15
136 53 15
76 97 742
97 76 742
9 127 405
127 9 405
122 170 132
170 122 132
178 167 919
167 178 919
47 117 797
117 47 797
87 20 834
20 87 834
136 179 777
179 136 777
98 37 489
37 98 489
19 61 159
61 19 159
198 172 55
172 198 55
74 22 148
22 74 148
35 149 553
149 35 553
158 71 684
71 158 684
88 38 955
38 88 955
136 107 103
107 136 103
175 79 937
79 175 937
111 58 65
58 111 65
10 47 553
47 10 553
181 109 711
109 181 711
54 59 235
59 54 235
108 85 457
85 108 457
121 157 208
157 121 208
31 28 244
28 31 244
119 19 198
19 119 198
7 78 652
78 7 652
135 158 588
158 135 588
46 168 652
168 46 652
8 16 556
16 8 556
190 77 618
77 190 618
196 136 853
136 196 853
104 173 661
173 104 661
111 94 219
94 111 219
71 77 447
77 71 447
114 149 218
149 114 218
63 156 897
156 63 897
114 91 55
91 114 55
90 22 258
22 90 258
98 190 814
190 98 814
40 67 431
67 40 431
36 155 635
155 36 635
92 129 296
129 92 296
4 175 514
175 4 514
75 53 312
53 75 312
141 154 530
154 141 530
4 62 426
62 4 426
70 106 480
106 70 480
124 196 454
196 124 454
182 46 845
46 182 845
147 39 312
39 147 312
177 75 220
75 177 220
120 148 60
148 120 60
124 75 573
75 124 573
151 128 236
128 151 236
92 34 765
34 92 765
97 189 119
189 97 119
3 20 396
20 3 396
151 74 930
74 151 930
149 118 277
118 149 277
188 181 406
181 188 406
16 152 170
152 16 170
136 100 229
100 136 229
12 176 153
176 12 153
56 188 808
188 56 808
91 104 608
104 91 608
140 94 78
94 140 78
66 72 247
72 66 247
140 1 548
1 140 548
10 77 937
77 10 937
144 35 505
35 144 505
96 4 241
4 96 241
149 185 853
185 149 853
77 89 568
89 77 568
133 29 727
29 133 727
176 134 334
134 176 334
68 180 411
180 68 411
163 46 884
46 163 884
161 139 637
139 161 637
109 149 667
149 109 667
197 45 102
45 197 102
101 142 58
142 101 58
91 42 746
42 91 746
168 132 665
132 168 665
53 161 391
161 53 391
182 47 724
47 182 724
50 27 486
27 50 486
166 26 721
26 166 721
127 165 358
165 127 358
36 66 376
66 36 376
185 112 829
112 185 829
86 6 886
6 86 886
131 49 129
49 131 129
28 169 413
169 28 413
92 22 126
22 92 126
156 125 758
125 156 758
7 152 244
152 7 244
178 163 853
163 178 853
95 72 42
72 95 42
162 199 27
199 162 27
26 27 666
27 26 666
32 113 197
113 32 197
193 25 403
25 193 403
157 69 777
69 157 777
34 104 286
104 34 286
159 13 93
13 159 93
112 56 618
56 112 618
42 172 822
172 42 822
90 196 863
196 90 863
4 196 242
196 4 242
30 23 259
23 30 259
14 88 807
88 14 807
47 33 984
33 47 984
1 190 454
190 1 454
129 25 958
25 129 958
184 170 659
170 184 659
48 179 628
179 48 628
43 103 450
103 43 450
133 51 664
51 133 664
137 199 257
199 137 257
119 23 515
23 119 515
133 63 322
63 133 322
132 97 657
97 132 657
85 87 110
87 85 110
14 64 419
64 14 419
29 49 342
49 29 342
87 49 473
49 87 473
115 92 128
92 115 128
116 177 979
177 116 979
114 178 589
178 114 589
33 153 103
153 33 103
118 168 776
168 118 776
2 65 433
65 2 433
87 105 894
105 87 894
102 169 665
169 102 665
83 170 358
170 83 358
122 20 830
20 122 830
189 64 309
64 189 309
105 42 287
42 105 287
37 108 417
108 37 417
94 121 880
121 94 880
164 90 8
90 164 8
167 155 792
155 167 792
54 12 37
12 54 37
108 182 701
182 108 701
104 9 515
9 104 515
76 190 704
190 76 704
141 98 562
98 141 562
135 137 751
137 135 751
43 153 528
153 43 528
89 75 407
75 89 407
54 165 766
165 54 766
21 72 557
72 21 557
27 85 594
85 27 594
136 19 646
19 136 646
79 123 56
123 79 56
152 45 450
45 152 450
93 144 363
144 93 363
180 33 113
33 180 113
175 186 640
186 175 640
65 13 398
13 65 398
130 163 45
163 130 45
3 119 272
119 3 272
40 64 960
64 40 960
11 62 192
62 11 192
86 69 937
69 86 937
38 114 738
114 38 738
83 10 100
10 83 100
63 43 212
43 63 212
39 182 851
182 39 851
56 195 249
195 56 249
127 78 764
78 127 764
33 34 747
34 33 747
73 99 59
99 73 59
84 113 250
113 84 250
182 137 962
137 182 962
48 75 245
75 48 245
174 60 655
60 174 655
138 51 437
51 138 437
140 107 785
107 140 785
140 186 63
186 140 63
103 109 448
109 103 448
138 7 121
7 138 121
189 65 957
65 189 957
102 114 479
114 102 479
36 4 792
4 36 792
84 79 37
79 84 37
143 5 697
5 143 697
150 95 148
95 150 148
138 36 607
36 138 607
122 176 145
176 122 145
136 32 806
32 136 806
183 170 213
170 183 213
55 111 679
111 55 679
163 165 745
165 163 745
42 1 349
1 42 349
85 179 422
179 85 422
181 137 470
137 181 470
83 32 969
32 83 969
21 68 575
68 21 575
96 197 719
197 96 719
184 181 524
181 184 524
120 151 89
151 120 89
175 14 767
14 175 767
91 179 863
179 91 863
85 132 564
132 85 564
70 169 143
169 70 143
92 102 680
102 92 680
161 185 113
185 161 113
7 132 657
132 7 657
103 81 728
81 103 728
62 2 408
2 62 408
165 90 536
90 165 536
179 8 427
8 179 427
110 71 912
71 110 912
194 34 782
34 194 782
164 128 426
128 164 426
66 160 540
160 66 540
24 21 860
21 24 860
156 29 315
29 156 315
190 108 754
108 190 754
52 111 162
111 52 162
170 153 49
153 170 49
101 162 475
162 101 475
164 185 738
185 164 738
158 171 871
171 158 871
122 99 297
99 122 297
189 59 188
59 189 188
193 35 809
35 193 809
4 144 790
144 4 790
134 98 472
98 134 472
138 9 985
9 138 985
108 114 33
114 108 33
162 76 859
76 162 859
126 61 948
61 126 948
84 32 819
32 84 819
159 84 467
84 159 467
100 95 654
95 100 654
93 131 814
131 93 814
97 75 603
75 97 603
167 161 101
161 167 101
38 99 262
99 38 262
175 160 777
160 175 777
159 122 805
122 159 805
170 0 667
0 170 667
117 84 651
84 117 651
87 195 487
195 87 487
105 95 935
95 105 935
188 65 924
65 188 924
37 92 527
92 37 527
4 53 979
53 4 979
195 104 241
104 195 241
170 64 369
64 170 369
129 138 173
138 129 173
99 138 191
138 99 191
169 175 842
175 169 842
8 170 680
170 8 680
114 66 614
66 114 614
54 30 901
30 54 901
92 122 779
122 92 779
48 127 757
127 48 757
43 32 349
32 43 349
48 116 296
116 48 296
187 89 947
89 187 947
125 79 716
79 125 716
100 72 125
72 100 125
71 104 991
104 71 991
89 117 967
117 89 967
95 148 867
148 95 867
139 22 645
22 139 645
188 150 754
150 188 754
31 134 102
134 31 102
45 182 171
182 45 171
92 121 60
121 92 60
38 47 491
47 38 491
99 115 31
115 99 31
122 19 373
19 122 373
11 88 339
88 11 339
107 36 558
36 107 558
46 11 202
11 46 202
34 161 307
161 34 307
18 47 409
47 18 409
15 29 931
29 15 931
107 151 342
151 107 342
145 150 832
150 145 832
51 1 299
1 51 299
81 124 70
124 81 70
5 87 111
87 5 111
144 146 547
146 144 547
145 109 55
109 145 55
22 113 950
113 22 950
69 121 165
121 69 165
51 71 155
71 51 155
144 169 105
169 144 105
127 20 858
20 127 858
26 54 982
54 26 982
47 59 422
59 47 422
157 155 168
155 157 168
56 8 313
8 56 313
165 63 645
63 165 645
188 176 594
176 188 594
49 110 261
110 49 261
52 133 415
133 52 415
196 102 871
102 196 871
123 75 729
75 123 729
101 129 62
129 101 62
101 140 483
140 101 483
58 96 651
96 58 651
114 104 315
104 114 315
32 119 959
119 32 959
172 47 905
47 172 905
181 48 15
48 181 15
42 52 100
52 42 100
56 48 403
48 56 403
127 124 830
124 127 830
7 177 911
177 7 911
68 78 251
78 68 251
151 137 499
137 151 499
3 155 268
155 3 268
187 26 227
26 187 227
159 74 483
74 159 483
141 122 849
122 141 849
135 127 948
127 135 948
191 175 702
175 191 702
70 51 531
51 70 531
77 29 441
29 77 441
146 59 44
59 146 44
49 148 894
148 49 894
2 104 49
104 2 49
69 91 676
91 69 676
47 3 302
3 47 302
96 175 378
175 96 378
31 102 678
102 31 678
174 30 379
30 174 379
45 81 262
81 45 262
74 62 54
62 74 54
172 74 449
74 172 449
21 22 343
22 21 343
23 78 391
78 23 391
45 122 418
122 45 418
125 118 823
118 125 823
173 46 552
46 173 552
4 148 581
148 4 581
130 178 312
178 130 312
127 12 573
12 127 573
2 26 978
26 2 978
126 100 427
100 126 427
148 75 121
75 148 121
123 153 863
153 123 863
168 75 281
75 168 281
13 152 351
152 13 351
187 125 997
125 187 997
81 97 672
97 81 672
12 75 983
75 12 983
91 39 907
39 91 907
93 66 236
66 93 236
172 118 14
118 172 14
120 145 134
145 120 134
195 99 997
99 195 997
116 126 629
126 116 629
129 79 979
79 129 979
116 156 328
156 116 328
190 24 430
24 190 430
2 51 412
51 2 412
93 91 670
91 93 670
139 109 906
109 139 906
111 179 919
179 111 919
183 125 53
125 183 53
176 0 447
0 176 447
54 28 576
28 54 576
85 158 244
158 85 244
42 85 3
85 42 3
32 109 432
109 32 432
186 161 196
161 186 196
31 4 217
4 31 217
122 113 122
113 122 122
185 92 393
92 185 393
120 169 797
169 120 797
145 196 98
196 145 98
0 176 26
176 0 26
37 134 621
134 37 621
79 20 975
20 79 975
63 81 759
81 63 759
49 194 954
194 49 954
33 198 522
198 33 522
155 111 644
111 155 644
93 156 388
156 93 388
13 125 184
125 13 184
64 23 732
23 64 732
175 59 340
59 175 340
12 193 960
193 12 960
92 165 287
165 92 287
155 47 45
47 155 45
157 41 998
41 157 998
142 192 519
192 142 519
97 103 514
103 97 514
190 59 901
59 190 901
4 185 436
185 4 436
20 160 519
160 20 519
134 135 178
135 134 178
73 147 124
147 73 124
185 39 689
39 185 689
71 147 488
147 71 488
56 81 465
81 56 465
198 73 335
73 198 335
47 128 201
128 47 201
190 188 453
188 190 453
146 125 241
125 146 241
166 85 759
85 166 759
101 20 937
20 101 937
126 119 60
119 126 60
63 111 100
111 63 100
86 58 588
58 86 588
153 66 821
66 153 821
169 16 646
16 169 646
56 63 374
63 56 374
56 53 314
53 56 314
108 199 39
199 108 39
166 75 460
75 166 460
19 47 748
47 19 748
97 167 807
167 97 807
161 78 258
78 161 258
47 88 197
88 47 197
153 106 17
106 153 17
122 61 579
61 122 579
185 187 587
187 185 587
100 47 543
47 100 543
139 195 661
195 139 661
166 6 880
6 166 880
166 153 378
153 166 378
85 159 291
159 85 291
163 169 690
169 163 690
3 165 43
165 3 43
109 134 518
134 109 518
183 195 448
195 183 448
120 134 35
134 120 35
111 35 82
35 111 82
126 28 267
28 126 267
92 35 499
35 92 499
58 188 876
188 58 876
143 100 518
100 143 518
58 69 207
69 58 207
13 186 602
186 13 602
120 118 458
118 120 458
116 165 779
165 116 779
50 151 842
151 50 842
37 32 448
32 37 448
163 13 67
13 163 67
56 48 565
48 56 565
66 188 792
188 66 792
162 40 309
40 162 309
172 109 515
109 172 515
186 96 468
96 186 468
12 16 586
16 12 586
70 84 504
84 70 504
0 87 807
87 0 807
193 76 192
76 193 192
40 4 260
4 40 260
48 4 824
4 48 824
66 192 615
192 66 615
28 33 923
33 28 923
153 94 789
94 153 789
91 142 257
142 91 257
103 111 194
111 103 194
125 147 49
147 125 49
77 186 856
186 77 856
71 63 47
63 71 47
64 103 803
103 64 803
123 151 807
151 123 807
98 17 399
17 98 399
198 183 587
183 198 587
103 30 727
30 103 727
194 172 983
172 194 983
97 83 529
83 97 529
175 31 577
31 175 577
52 17 784
17 52 784
123 80 830
80 123 830
139 135 984
135 139 984
14 38 790
38 14 790
112 56 541
56 112 541
176 6 924
6 176 924
162 109 506
109 162 506
55 78 376
78 55 376
161 103 680
103 161 680
144 32 133
32 144 133
114 15 8
15 114 8
146 197 148
197 146 148
82 180 162
180 82 162
120 122 875
122 120 875
128 62 251
62 128 251
86 137 566
137 86 566
195 43 959
43 195 959
50 121 334
121 50 334
155 34 238
34 155 238
186 131 422
131 186 422
45 188 327
188 45 327
191 185 474
185 191 474
25 118 987
118 25 987
146 40 213
40 146 213
26 54 816
54 26 816
113 191 381
191 113 381
108 186 691
186 108 691
111 59 24
59 111 24
18 46 613
46 18 613
4 177 34
177 4 34
75 174 423
174 75 423
153 117 960
117 153 960
26 143 278
143 26 278
164 41 870
41 164 870
177 67 924
67 177 924
192 180 68
180 192 68
124 41 454
41 124 454
14 104 914
104 14 914
74 111 51
111 74 51
30 88 436
88 30 436
105 14 858
14 105 858
58 131 170
131 58 170
36 26 447
26 36 447
153 19 669
19 153 669
130 87 592
87 130 592
122 19 11
19 122 11
198 12 465
12 198 465
12 116 730
116 12 730
1 142 641
142 1 641
3 173 281
173 3 281
191 30 647
30 191 647
48 41 330
41 48 330
169 77 757
77 169 757
16 30 576
30 16 576
84 112 615
112 84 615
186 34 839
34 186 839
184 46 655
46 184 655
148 115 736
115 148 736
102 57 728
57 102 728
105 182 360
182 105 360
48 13 6
13 48 6
49 54 335
54 49 335
83 90 35
90 83 35
114 18 271
18 114 271
178 32 451
32 178 451
165 18 641
18 165 641
101 17 295
17 101 295
50 84 30
84 50 30
152 141 757
141 152 757
9 124 116
124 9 116
58 89 473
89 58 473
107 143 807
143 107 807
77 26 250
26 77 250
112 92 268
92 112 268
134 71 252
71 134 252
184 188 623
188 184 623
24 89 392
89 24 392
70 139 276
139 70 276
51 43 17
43 51 17
159 5 893
5 159 893
15 181 99
181 15 99
74 76 906
76 74 906
151 55 155
55 151 155
15 147 774
147 15 774
102 170 377
170 102 377
38 158 351
158 38 351
0 141 486
141 0 486
91 16 538
16 91 538
87 185 49
185 87 49
92 77 676
77 92 676
59 11 774
11 59 774
85 39 679
39 85 679
188 94 185
94 188 185
156 42 310
42 156 310
58 164 39
164 58 39
96 75 389
75 96 389
63 75 131
75 63 131
149 166 499
166 149 499
38 53 884
53 38 884
86 97 514
97 86 514
161 108 277
108 161 277
145 115 518
115 145 518
134 10 703
10 134 703
42 4 364
4 42 364
100 168 402
168 100 402
148 195 143
195 148 143
12 70 625
70 12 625
113 189 123
189 113 123
194 6 790
6 194 790
44 119 504
119 44 504
104 147 991
147 104 991
50 62 508
62 50 508
136 72 562
72 136 562
178 28 278
28 178 278
30 149 31
149 30 31
178 144 173
144 178 173
190 15 797
15 190 797
103 156 920
156 103 920
6 150 278
150 6 278
146 196 452
196 146 452
51 95 442
95 51 442
53 157 301
157 53 301
189 182 863
182 189 863
119 10 140
10 119 140
149 159 170
159 149 170
127 104 695
104 127 695
70 71 491
71 70 491
27 161 685
161 27 685
129 38 633
38 129 633
28 186 84
186 28 84
79 81 877
81 79 877
132 39 529
39 132 529
173 190 945
190 173 945
183 81 894
81 183 894
95 3 773
3 95 773
199 97 595
97 199 595
22 187 121
187 22 121
1 149 805
149 1 805
130 139 789
139 130 789
158 126 224
126 158 224
189 7 452
7 189 452
73 198 980
198 73 980
98 171 723
171 98 723
42 107 604
107 42 604
87 2 7
2 87 7
103 54 976
54 103 976
43 126 377
126 43 377
144 82 259
82 144 259
83 70 770
70 83 770
161 45 759
45 161 759
121 96 985
96 121 985
119 76 683
76 119 683
43 150 678
150 43 678
150 153 565
153 150 565
152 112 577
112 152 577
105 167 832
167 105 832
32 10 910
10 32 910
8 106 793
106 8 793
142 14 788
14 142 788
55 60 899
60 55 899
176 108 883
108 176 883
48 136 917
136 48 917
91 86 594
86 91 594
193 192 511
192 193 511
104 86 603
86 104 603
71 69 635
69 71 635
34 179 395
179 34 395
92 123 413
123 92 413
34 137 201
137 34 201
149 98 219
98 149 219
10 180 667
180 10 667
146 48 710
48 146 710
185 42 103
42 185 103
177 152 648
152 177 648
81 38 602
38 81 602
104 108 236
108 104 236
90 39 630
39 90 630
183 162 43
162 183 43
169 51 595
51 169 595
153 92 31
92 153 31
163 24 697
24 163 697
61 72 407
72 61 407
46 66 509
66 46 509
175 170 509
170 175 509
56 9 462
9 56 462
113 69 698
69 113 698
3 60 679
60 3 679
186 22 73
22 186 73
156 25 667
25 156 667
167 178 711
178 167 711
93 134 847
134 93 847
155 159 605
159 155 605
153 25 465
25 153 465
129 196 973
196 129 973
137 157 435
157 137 435
2 178 484
178 2 484
6 38 514
38 6 514
144 12 939
12 144 939
52 37 605
37 52 605
67 121 662
121 67 662
1 167 969
167 1 969
112 123 475
123 112 475
138 188 156
188 138 156
86 112 293
112 86 293
43 98 48
98 43 48
173 181 854
181 173 854
163 47 598
47 163 598
185 50 565
50 185 565
141 22 733
22 141 733
8 143 747
143 8 747
162 63 715
63 162 715
74 186 541
186 74 541
12 126 696
126 12 696
50 39 989
39 50 989
45 137 388
137 45 388
18 71 241
71 18 241
181 70 190
70 181 190
108 55 192
55 108 192
73 196 366
196 73 366
157 61 704
61 157 704
119 76 771
76 119 771
193 14 311
14 193 311
141 6 809
6 141 809
132 146 455
146 132 455
69 133 25
133 69 25
92 125 759
125 92 759
162 66 67
66 162 67
169 58 292
58 169 292
118 175 250
175 118 250
75 36 305
36 75 305
146 112 427
112 146 427
91 127 90
127 91 90
49 20 96
20 49 96
10 152 794
152 10 794
16 173 879
173 16 879
192 18 556
18 192 556
150 180 422
180 150 422
17 102 480
102 17 480
108 20 256
20 108 256
109 47 244
47 109 244
193 156 993
156 193 993
84 35 82
35 84 82
86 55 529
55 86 529
96 159 674
159 96 674
64 132 552
132 64 552
56 150 107
150 56 107
83 128 177
128 83 177
185 159 485
159 185 485
157 166 747
166 157 747
4 10 313
10 4 313
197 166 305
166 197 305
33 153 739
153 33 739
119 160 267
160 119 267
119 92 832
92 119 832
51 43 41
43 51 41
154 102 200
102 154 200
37 182 376
182 37 376
174 141 212
141 174 212
131 108 958
108 131 958
87 118 270
118 87 270
36 126 870
126 36 870
141 64 190
64 141 190
101 82 357
82 101 357
20 174 541
174 20 541
170 132 778
132 170 778
72 131 15
131 72 15
6 58 941
58 6 941
69 23 8
23 69 8
27 110 78
110 27 78
48 146 466
146 48 466
174 16 807
16 174 807
190 5 708
5 190 708
73 113 480
113 73 480
199 5 504
5 199 504
89 80 994
80 89 994
20 47 600
47 20 600
30 187 100
187 30 100
100 11 459
11 100 459
79 73 889
73 79 889
127 20 354
20 127 354
102 36 513
36 102 513
44 193 572
193 44 572
117 58 52
58 117 52
16 154 791
154 16 791
105 34 785
34 105 785
78 81 736
81 78 736
108 21 187
21 108 187
8 184 998
184 8 998
39 57 886
57 39 886
167 29 591
29 167 591
21 17 455
17 21 455
65 162 27
162 65 27
21 77 605
77 21 605
189 31 395
31 189 395
94 17 531
17 94 531
172 99 619
99 172 619
81 72 157
72 81 157
41 56 154
56 41 154
33 65 391
65 33 391
0 95 334
95 0 334
173 64 788
64 173 788
38 27 814
27 38 814
125 48 243
48 125 243
81 37 874
37 81 874
76 83 692
83 76 692
158 56 343
56 158 343
176 89 415
89 176 415
82 22 39
22 82 39
115 39 782
39 115 782
67 86 115
86 67 115
40 151 254
151 40 254
31 178 68
178 31 68
178 109 791
109 178 791
167 135 667
135 167 667
50 178 777
178 50 777
58 120 506
120 58 506
99 86 391
86 99 391
134 60 429
60 134 429
1 99 562
99 1 562
21 138 676
138 21 676
89 129 645
129 89 645
148 153 998
153 148 998
9 143 317
143 9 317
96 161 519
161 96 519
74 89 578
89 74 578
194 28 433
28 194 433
184 162 93
162 184 93
165 116 345
116 165 345
126 137 435
137 126 435
154 150 924
150 154 924
35 147 895
147 35 895
135 100 244
100 135 244
96 195 560
195 96 560
193 108 78
108 193 78
67 197 7
197 67 7
14 144 436
144 14 436
198 128 950
128 198 950
91 45 818
45 91 818
187 124 555
124 187 555
21 30 858
30 21 858
65 4 791
4 65 791
152 56 34
56 152 34
48 3 945
3 48 945
41 111 22
111 41 22
61 60 381
60 61 381
75 4 168
4 75 168
73 85 469
85 73 469
116 130 287
130 116 287
55 6 193
6 55 193
28 36 50
36 28 50
76 101 206
101 76 206
66 53 262
53 66 262
51 54 665
54 51 665
195 95 528
95 195 528
169 156 389
156 169 389
101 183 993
183 101 993
9 29 937
29 9 937
77 160 575
160 77 575
133 166 768
166 133 768
113 155 169
155 113 169
190 56 375
56 190 375
8 62 636
62 8 636
12 68 653
68 12 653
159 163 180
163 159 180
167 181 8
181 167 8
112 49 17
49 112 17
141 186 695
186 141 695
53 160 580
160 53 580
172 79 645
79 172 645
127 48 435
48 127 435
135 22 796
22 135 796
149 9 408
9 149 408
17 61 567
61 17 567
181 41 648
41 181 648
5 160 29
160 5 29
12 24 231
24 12 231
166 168 276
168 166 276
171 128 207
128 171 207
143 160 851
160 143 851
70 8 638
8 70 638
6 182 433
182 6 433
155 191 192
191 155 192
173 53 758
53 173 758
106 46 757
46 106 757
111 6 138
6 111 138
31 167 257
167 31 257
149 135 532
135 149 532
120 15 90
15 120 90
64 127 941
127 64 941
86 135 930
135 86 930
92 69 362
69 92 362
0 61 905
61 0 905
125 114 14
114 125 14
31 112 771
112 31 771
94 118 260
118 94 260
121 101 979
101 121 979
178 2 66
2 178 66
61 123 881
123 61 881
151 139 961
139 151 961
43 25 896
25 43 896
118 165 886
165 118 886
70 178 790
178 70 790
195 44 155
44 195 155
178 156 925
156 178 925
24 26 536
26 24 536
145 80 514
80 145 514
75 82 579
82 75 579
137 5 812
5 137 812
40 96 772
96 40 772
83 122 19
122 83 19
7 192 136
192 7 136
44 62 714
62 44 714
9 157 140
157 9 140
187 65 417
65 187 417
163 92 952
92 163 952
60 172 818
172 60 818
136 6 748
6 136 748
164 158 466
158 164 466
60 81 549
81 60 549
182 100 508
100 182 508
126 35 352
35 126 352
140 101 337
101 140 337
149 10 828
10 149 828
88 76 244
76 88 244
51 120 548
120 51 548
112 44 717
44 112 717
0 50 464
50 0 464
25 14 375
14 25 375
90 75 56
75 90 56
190 9 108
9 190 108
136 95 249
95 136 249
76 196 937
196 76 937
26 6 116
6 26 116
66 34 360
34 66 360
118 154 259
154 118 259
182 198 975
198 182 975
134 49 790
49 134 790
159 63 164
63 159 164
49 90 220
90 49 220
39 100 327
100 39 327
88 36 622
36 88 622
136 64 170
64 136 170
24 90 977
90 24 977
139 109 963
109 139 963
50 179 870
179 50 870
60 113 668
113 60 668
186 47 269
47 186 269
158 84 740
84 158 740
159 174 311
174 159 311
198 26 638
26 198 638
38 14 611
14 38 611
126 79 781
79 126 781
150 121 109
121 150 109
41 30 71
30 41 71
44 9 940
9 44 940
104 122 960
122 104 960
43 169 580
169 43 580
19 127 16
127 19 16
110 86 591
86 110 591
21 36 769
36 21 769
10 26 784
26 10 784
20 152 263
152 20 263
0 102 984
102 0 984
96 166 732
166 96 732
92 175 23
175 92 23
148 98 334
98 148 334
191 19 914
19 191 914
162 99 929
99 162 929
73 137 871
137 73 871
94 126 640
126 94 640
104 152 775
152 104 775
105 188 478
188 105 478
159 171 138
171 159 138
7 89 221
89 7 221
99 65 244
65 99 244
48 115 577
115 48 577
191 86 842
86 191 842
154 137 123
137 154 123
27 192 674
192 27 674
153 183 178
183 153 178
57 109 454
109 57 454
114 97 283
97 114 283
26 21 773
21 26 773
185 110 993
110 185 993
85 175 588
175 85 588
85 42 517
42 85 517
76 129 358
129 76 358
66 79 10
79 66 10
93 24 683
24 93 683
198 159 860
159 198 860
8 69 666
69 8 666
74 166 300
166 74 300
100 187 72
187 100 72
86 98 417
98 86 417
123 73 4
73 123 4
8 116 520
116 8 520
36 197 230
197 36 230
15 60 677
60 15 677
109 84 360
84 109 360
59 44 571
44 59 571
67 65 588
65 67 588
142 31 240
31 142 240
194 19 663
19 194 663
32 69 79
69 32 79
142 82 964
82 142 964
10 153 953
153 10 953
159 134 620
134 159 620
175 195 648
195 175 648
36 31 359
31 36 359
95 27 282
27 95 282
115 92 221
92 115 221
9 124 460
124 9 460
3 95 123
95 3 123
36 164 553
164 36 553
143 58 987
58 143 987
59 21 941
21 59 941
11 180 827
180 11 827
182 155 422
155 182 422
181 191 606
191 181 606
32 173 155
173 32 155
125 193 916
193 125 916
1 5 471
5 1 471
48 79 859
79 48 859
164 31 203
31 164 203
22 18 862
18 22 862
195 110 473
110 195 473
176 136 407
136 176 407
83 110 988
110 83 988
27 115 280
115 27 280
66 147 853
147 66 853
172 24 999
24 172 999
87 177 604
177 87 604
157 177 683
177 157 683
16 141 666
141 16 666
18 116 284
116 18 284
31 111 546
111 31 546
55 39 283
39 55 283
61 123 145
123 61 145
150 59 81
59 150 81
168 158 933
158 168 933
140 183 283
183 140 283
27 112 238
112 27 238
136 90 272
90 136 272
104 31 938
31 104 938
122 147 573
147 122 573
105 11 119
11 105 119
152 173 126
173 152 126
96 22 876
22 96 876
155 102 44
102 155 44
113 186 136
186 113 136
48 21 715
21 48 715
161 58 252
58 161 252
3 130 956
130 3 956
34 67 31
67 34 31
134 191 336
191 134 336
97 109 49
109 97 49
61 21 226
21 61 226
157 195 101
195 157 101
64 49 497
49 64 497
130 36 984
36 130 984
178 9 699
9 178 699
91 67 950
67 91 950
94 197 905
197 94 905
16 86 168
86 16 168
22 16 718
16 22 718
22 115 932
115 22 932
43 140 41
140 43 41
39 41 306
41 39 306
88 89 988
89 88 988
76 72 318
72 76 318
85 170 10
170 85 10
153 71 456
71 153 456
128 88 720
88 128 720
14 7 680
7 14 680
23 196 211
196 23 211
139 79 807
79 139 807
79 120 246
120 79 246
72 177 286
177 72 286
113 116 915
116 113 915
186 33 400
33 186 400
108 194 305
194 108 305
132 50 760
50 132 760
78 74 299
74 78 299
157 15 522
15 157 522
105 177 261
177 105 261
137 183 93
183 137 93
9 180 765
180 9 765
186 18 479
18 186 479
54 132 217
132 54 217
87 83 677
83 87 677
82 188 809
188 82 809
84 147 221
147 84 221
177 47 873
47 177 873
86 62 395
62 86 395
143 191 7
191 143 7
32 175 99
175 32 99
41 107 216
107 41 216
179 125 46
125 179 46
33 57 614
57 33 614
121 141 290
141 121 290
155 81 451
81 155 451
39 180 23
180 39 23
13 109 870
109 13 870
86 195 884
195 86 884
32 90 276
90 32 276
190 123 203
123 190 203
164 109 257
109 164 257
35 53 130
53 35 130
92 66 851
66 92 851
185 107 806
107 185 806
66 109 845
109 66 845
132 58 908
58 132 908
1 96 855
96 1 855
37 128 546
128 37 546
112 118 621
118 112 621
66 159 737
159 66 737
175 167 281
167 175 281
10 20 763
20 10 763
55 38 613
38 55 613
192 146 771
146 192 771
11 55 967
55 11 967
9 187 777
187 9 777
117 141 73
141 117 73
171 130 953
130 171 953
68 42 424
42 68 424
88 108 583
108 88 583
25 35 703
35 25 703
57 198 475
198 57 475
19 5 514
5 19 514
197 59 507
59 197 507
8 66 473
66 8 473
170 6 250
6 170 250
39 99 674
99 39 674
29 26 832
26 29 832
23 49 472
49 23 472
183 48 319
48 183 319
85 58 517
58 85 517
112 29 522
29 112 522
165 71 837
71 165 837
71 31 303
31 71 303
144 1 509
1 144 509
145 192 408
192 145 408
18 155 837
155 18 837
138 59 294
59 138 294
9 142 630
142 9 630
10 13 667
13 10 667
20 129 179
129 20 179
3 15 827
15 3 827
39 38 658
38 39 658
94 182 612
182 94 612
2 127 604
127 2 604
10 146 759
146 10 759
198 142 97
142 198 97
10 188 259
188 10 259
104 17 621
17 104 621
117 83 841
83 117 841
14 41 755
41 14 755
17 8 581
8 17 581
9 47 590
47 9 590
103 181 201
181 103 201
57 109 805
109 57 805
19 7 915
7 19 915
18 101 364
101 18 364
180 89 622
89 180 622
84 58 594
58 84 594
2 94 786
94 2 786
153 108 827
108 153 827
107 77 436
77 107 436
39 86 835
86 39 835
28 141 16
141 28 16
29 199 277
199 29 277
185 18 236
18 185 236
99 188 138
188 99 138
62 168 979
168 62 979
35 53 38
53 35 38
131 165 961
165 131 961
191 192 420
192 191 420
68 179 459
179 68 459
107 13 87
13 107 87
48 180 916
180 48 916
199 57 253
57 199 253
18 92 505
92 18 505
181 118 728
118 181 728
160 154 981
154 160 981
149 86 940
86 149 940
32 52 900
52 32 900
23 196 319
196 23 319
91 175 777
175 91 777
198 140 215
140 198 215
199 120 483
120 199 483
198 177 735
177 198 735
168 22 239
22 168 239
127 3 358
3 127 358
54 115 64
115 54 64
186 64 950
64 186 950
125 96 802
96 125 802
176 71 798
71 176 798
94 163 725
163 94 725
22 113 65
113 22 65
36 112 186
112 36 186
63 114 406
114 63 406
31 136 644
136 31 644
158 92 353
92 158 353
164 7 416
7 164 416
150 72 718
72 150 718
27 120 871
120 27 871
3 192 21
192 3 21
49 107 745
107 49 745
23 20 162
20 23 162
12 85 699
85 12 699
82 100 413
100 82 413
87 131 302
131 87 302
83 42 794
42 83 794
187 6 1
6 187 1
155 109 425
109 155 425
72 88 898
88 72 898
94 92 642
92 94 642
114 93 949
93 114 949
117 120 773
120 117 773
81 157 471
157 81 471
163 57 235
57 163 235
3 141 536
141 3 536
86 183 681
183 86 681
73 141 682
141 73 682
28 2 458
2 28 458
52 91 707
91 52 707
147 183 348
183 147 348
13 28 648
28 13 648
24 97 921
97 24 921
178 77 619
77 178 619
142 87 854
87 142 854
145 28 741
28 145 741
183 163 422
163 183 422
8 104 455
104 8 455
189 107 264
107 189 264
41 150 971
150 41 971
140 133 670
133 140 670
154 113 670
113 154 670
178 11 590
11 178 590
127 141 19
141 127 19
97 35 258
35 97 258
150 180 886
180 150 886
43 115 801
115 43 801
64 124 58
124 64 58
118 113 317
113 118 317
