0 1 571
1 0 571
1 2 787
2 1 787
2 3 813
3 2 813
3 4 663
4 3 663
4 5 86
5 4 86
5 6 731
6 5 731
6 7 303
7 6 303
7 8 297
8 7 297
8 9 949
9 8 949
9 10 599
10 9 599
10 11 299
11 10 299
11 12 602
12 11 602
12 13 201
13 12 201
13 14 816
14 13 816
14 15 761
15 14 761
15 16 440
16 15 440
16 17 137
17 16 137
17 18 498
18 17 498
18 19 257
19 18 257
19 20 768
20 19 768
20 21 478
21 20 478
21 22 289
22 21 289
22 23 764
23 22 764
23 24 667
24 23 667
24 25 177
25 24 177
25 26 19
26 25 19
26 27 48
27 26 48
27 28 656
28 27 656
28 29 35
29 28 35
29 30 791
30 29 791
30 31 405
31 30 405
31 32 958
32 31 958
32 33 929
33 32 929
33 34 218
34 33 218
34 35 620
35 34 620
35 36 15
36 35 15
36 37 948
37 36 948
37 38 275
38 37 275
38 39 311
39 38 311
39 40 249
40 39 249
40 41 225
41 40 225
41 42 610
42 41 610
42 43 850
43 42 850
43 44 778
44 43 778
44 45 777
45 44 777
45 46 963
46 45 963
46 47 217
47 46 217
47 48 914
48 47 914
48 49 460
49 48 460
49 50 473
50 49 473
50 51 33
51 50 33
51 52 289
52 51 289
52 53 113
53 52 113
53 54 797
54 53 797
54 55 955
55 54 955
55 56 289
56 55 289
56 57 167
57 56 167
57 58 355
58 57 355
58 59 944
59 58 944
59 60 202
60 59 202
60 61 145
61 60 145
61 62 349
62 61 349
62 63 159
63 62 159
63 64 425
64 63 425
64 65 918
65 64 918
65 66 130
66 65 130
66 67 439
67 66 439
67 68 217
68 67 217
68 69 756
69 68 756
69 70 102
70 69 102
70 71 465
71 70 465
71 72 981
72 71 981
72 73 63
73 72 63
73 74 667
74 73 667
74 75 110
75 74 110
75 76 839
76 75 839
76 77 981
77 76 981
77 78 326
78 77 326
78 79 752
79 78 752
79 80 440
80 79 440
80 81 151
81 80 151
81 82 137
82 81 137
82 83 729
83 82 729
83 84 263
84 83 263
84 85 285
85 84 285
85 86 35
86 85 35
86 87 904
87 86 904
87 88 451
88 87 451
88 89 741
89 88 741
89 90 199
90 89 199
90 91 652
91 90 652
91 92 885
92 91 885
92 93 899
93 92 899
93 94 162
94 93 162
94 95 310
95 94 310
95 96 816
96 95 816
96 97 644
97 96 644
97 98 100
98 97 100
98 99 33
99 98 33
99 100 751
100 99 751
100 101 201
101 100 201
101 102 849
102 101 849
102 103 83
103 102 83
103 104 615
104 103 615
104 105 515
105 104 515
105 106 192
106 105 192
106 107 454
107 106 454
107 108 495
108 107 495
108 109 518
109 108 518
109 110 557
110 109 557
110 111 287
111 110 287
111 112 20
112 111 20
112 113 693
113 112 693
113 114 367
114 113 367
114 115 634
115 114 634
115 116 977
116 115 977
116 117 401
117 116 401
117 118 537
118 117 537
118 119 428
119 118 428
119 120 142
120 119 142
120 121 736
121 120 736
121 122 431
122 121 431
122 123 378
123 122 378
123 124 634
124 123 634
124 125 945
125 124 945
125 126 39
126 125 39
126 127 802
127 126 802
127 128 588
128 127 588
128 129 139
129 128 139
129 130 834
130 129 834
130 131 338
131 130 338
131 132 691
132 131 691
132 133 34
133 132 34
133 134 773
134 133 773
134 135 306
135 134 306
135 136 549
136 135 549
136 137 964
137 136 964
137 138 111
138 137 111
138 139 395
139 138 395
139 140 481
140 139 481
140 141 19
141 140 19
141 142 681
142 141 681
142 143 852
143 142 852
143 144 712
144 143 712
144 145 47
145 144 47
145 146 486
146 145 486
146 147 40
147 146 40
147 148 800
148 147 800
148 149 374
149 148 374
149 150 467
150 149 467
150 151 293
151 150 293
151 152 109
152 151 109
152 153 250
153 152 250
153 154 22
154 153 22
154 155 95
155 154 95
155 156 194
156 155 194
156 157 61
157 156 61
157 158 248
158 157 248
158 159 133
159 158 133
159 160 551
160 159 551
160 161 433
161 160 433
161 162 822
162 161 822
162 163 593
163 162 593
163 164 466
164 163 466
164 165 594
165 164 594
165 166 250
166 165 250
166 167 14
167 166 14
167 168 558
168 167 558
168 169 360
169 168 360
169 170 761
170 169 761
170 171 390
171 170 390
171 172 379
172 171 379
172 173 793
173 172 793
173 174 594
174 173 594
174 175 442
175 174 442
175 176 840
176 175 840
176 177 79
177 176 79
177 178 481
178 177 481
178 179 991
179 178 991
179 180 452
180 179 452
180 181 300
181 180 300
181 182 635
182 181 635
182 183 913
183 182 913
183 184 901
184 183 901
184 185 8
185 184 8
185 186 359
186 185 359
186 187 94
187 186 94
187 188 68
188 187 68
188 189 606
189 188 606
189 190 578
190 189 578
190 191 970
191 190 970
191 192 38
192 191 38
192 193 751
193 192 751
193 194 563
194 193 563
194 195 503
195 194 503
195 196 345
196 195 345
196 197 812
197 196 812
197 198 869
198 197 869
198 199 254
199 198 254
199 200 524
200 199 524
200 201 629
201 200 629
201 202 995
202 201 995
202 203 254
203 202 254
203 204 421
204 203 421
204 205 588
205 204 588
205 206 695
206 205 695
206 207 612
207 206 612
207 208 666
208 207 666
208 209 527
209 208 527
209 210 954
210 209 954
210 211 470
211 210 470
211 212 826
212 211 826
212 213 940
213 212 940
213 214 382
214 213 382
214 215 726
215 214 726
215 216 948
216 215 948
216 217 92
217 216 92
217 218 171
218 217 171
218 219 367
219 218 367
219 220 697
220 219 697
220 221 100
221 220 100
221 222 337
222 221 337
222 223 734
223 222 734
223 224 851
224 223 851
224 225 251
225 224 251
225 226 236
226 225 236
226 227 547
227 226 547
227 228 62
228 227 62
228 229 456
229 228 456
229 230 800
230 229 800
230 231 937
231 230 937
231 232 84
232 231 84
232 233 146
233 232 146
233 234 190
234 233 190
234 235 857
235 234 857
235 236 734
236 235 734
236 237 884
237 236 884
237 238 820
238 237 820
238 239 751
239 238 751
239 240 411
240 239 411
240 241 774
241 240 774
241 242 572
242 241 572
242 243 588
243 242 588
243 244 713
244 243 713
244 245 953
245 244 953
245 246 666
246 245 666
246 247 12
247 246 12
247 248 44
248 247 44
248 249 836
249 248 836
249 250 379
250 249 379
250 251 92
251 250 92
251 252 936
252 251 936
252 253 715
253 252 715
253 254 825
254 253 825
254 255 786
255 254 786
255 256 965
256 255 965
256 257 413
257 256 413
257 258 684
258 257 684
258 259 378
259 258 378
259 260 868
260 259 868
260 261 483
261 260 483
261 262 315
262 261 315
262 263 304
263 262 304
263 264 980
264 263 980
264 265 856
265 264 856
265 266 512
266 265 512
266 267 713
267 266 713
267 268 92
268 267 92
268 269 331
269 268 331
269 270 816
270 269 816
270 271 854
271 270 854
271 272 456
272 271 456
272 273 387
273 272 387
273 274 441
274 273 441
274 275 521
275 274 521
275 276 692
276 275 692
276 277 106
277 276 106
277 278 532
278 277 532
278 279 87
279 278 87
279 280 294
280 279 294
280 281 910
281 280 910
281 282 179
282 281 179
282 283 581
283 282 581
283 284 624
284 283 624
284 285 355
285 284 355
285 286 718
286 285 718
286 287 940
287 286 940
287 288 119
288 287 119
288 289 401
289 288 401
289 290 318
290 289 318
290 291 339
291 290 339
291 292 235
292 291 235
292 293 984
293 292 984
293 294 994
294 293 994
294 295 214
295 294 214
295 296 191
296 295 191
296 297 505
297 296 505
297 298 279
298 297 279
298 299 282
299 298 282
299 300 835
300 299 835
300 301 94
301 300 94
301 302 487
302 301 487
302 303 643
303 302 643
303 304 832
304 303 832
304 305 928
305 304 928
305 306 163
306 305 163
306 307 875
307 306 875
307 308 385
308 307 385
308 309 694
309 308 694
309 310 962
310 309 962
310 311 30
311 310 30
311 312 604
312 311 604
312 313 492
313 312 492
313 314 610
314 313 610
314 315 227
315 314 227
315 316 198
316 315 198
316 317 679
317 316 679
317 318 519
318 317 519
318 319 317
319 318 317
319 320 79
320 319 79
320 321 836
321 320 836
321 322 655
322 321 655
322 323 313
323 322 313
323 324 171
324 323 171
324 325 648
325 324 648
325 326 879
326 325 879
326 327 361
327 326 361
327 328 504
328 327 504
328 329 157
329 328 157
329 330 995
330 329 995
330 331 690
331 330 690
331 332 602
332 331 602
332 333 481
333 332 481
333 334 332
334 333 332
334 335 433
335 334 433
335 336 760
336 335 760
336 337 494
337 336 494
337 338 660
338 337 660
338 339 497
339 338 497
339 340 188
340 339 188
340 341 621
341 340 621
341 342 878
342 341 878
342 343 791
343 342 791
343 344 464
344 343 464
344 345 840
345 344 840
345 346 369
346 345 369
346 347 13
347 346 13
347 348 518
348 347 518
348 349 887
349 348 887
349 350 329
350 349 329
350 351 597
351 350 597
351 352 74
352 351 74
352 353 335
353 352 335
353 354 261
354 353 261
354 355 244
355 354 244
355 356 334
356 355 334
356 357 139
357 356 139
357 358 957
358 357 957
358 359 189
359 358 189
359 360 647
360 359 647
360 361 303
361 360 303
361 362 879
362 361 879
362 363 248
363 362 248
363 364 135
364 363 135
364 365 210
365 364 210
365 366 33
366 365 33
366 367 895
367 366 895
367 368 704
368 367 704
368 369 692
369 368 692
369 370 743
370 369 743
370 371 891
371 370 891
371 372 664
372 371 664
372 373 620
373 372 620
373 374 33
374 373 33
374 375 479
375 374 479
375 376 459
376 375 459
376 377 401
377 376 401
377 378 491
378 377 491
378 379 977
379 378 977
379 380 288
380 379 288
380 381 172
381 380 172
381 382 925
382 381 925
382 383 361
383 382 361
383 384 858
384 383 858
384 385 537
385 384 537
385 386 957
386 385 957
386 387 544
387 386 544
387 388 28
388 387 28
388 389 265
389 388 265
389 390 732
390 389 732
390 391 674
391 390 674
391 392 567
392 391 567
392 393 610
393 392 610
393 394 274
394 393 274
394 395 701
395 394 701
395 396 172
396 395 172
396 397 306
397 396 306
397 398 947
398 397 947
398 399 875
399 398 875
399 0 997
0 399 997
211 260 501
260 211 501
289 270 901
270 289 901
379 198 540
198 379 540
150 274 253
274 150 253
208 363 561
363 208 561
351 190 825
190 351 825
34 15 743
15 34 743
44 288 795
288 44 795
215 145 94
145 215 94
41 293 134
293 41 134
109 104 146
104 109 146
209 393 617
393 209 617
109 325 767
325 109 767
201 75 842
75 201 842
253 235 805
235 253 805
13 138 147
138 13 147
389 173 162
173 389 162
331 169 803
169 331 803
325 384 748
384 325 748
18 377 42
377 18 42
304 86 698
86 304 698
49 295 492
295 49 492
17 356 617
356 17 617
184 157 244
157 184 244
177 10 232
10 177 232
181 375 122
375 181 122
279 364 295
364 279 295
40 295 64
295 40 64
394 173 600
173 394 600
142 143 129
143 142 129
135 47 415
47 135 415
232 97 662
97 232 662
275 66 419
66 275 419
243 250 576
250 243 576
287 27 739
27 287 739
70 160 114
160 70 114
391 30 439
30 391 439
384 277 854
277 384 854
378 50 806
50 378 806
120 146 934
146 120 934
207 193 349
193 207 349
40 242 362
242 40 362
315 309 780
309 315 780
159 111 708
111 159 708
398 91 446
91 398 446
20 203 911
203 20 911
11 195 141
195 11 141
49 179 971
179 49 971
303 157 621
157 303 621
308 230 519
230 308 519
393 389 113
389 393 113
293 29 107
29 293 107
255 297 768
297 255 768
234 8 480
8 234 480
293 358 171
358 293 171
138 378 926
378 138 926
1 389 921
389 1 921
293 391 252
391 293 252
63 246 762
246 63 762
236 106 392
106 236 392
154 99 533
99 154 533
218 393 163
393 218 163
125 248 212
248 125 212
292 34 820
34 292 820
123 328 778
328 123 778
45 18 108
18 45 108
171 19 249
19 171 249
313 39 896
39 313 896
328 237 657
237 328 657
164 343 400
343 164 400
43 131 90
131 43 90
388 45 767
45 388 767
188 256 212
256 188 212
222 27 487
27 222 487
102 156 933
156 102 933
121 263 656
263 121 656
92 264 299
264 92 299
357 303 194
303 357 194
286 141 202
141 286 202
2 36 953
36 2 953
273 79 885
79 273 885
315 19 682
19 315 682
33 207 691
207 33 691
396 30 870
30 396 870
83 132 827
132 83 827
215 205 242
205 215 242
70 298 906
298 70 906
368 255 562
255 368 562
314 141 55
141 314 55
67 96 491
96 67 491
20 321 523
321 20 523
56 188 342
188 56 342
137 222 750
222 137 750
379 218 932
218 379 932
249 253 464
253 249 464
275 68 222
68 275 222
68 90 120
90 68 120
126 11 127
11 126 127
87 277 421
277 87 421
141 344 117
344 141 117
183 316 438
316 183 438
372 226 648
226 372 648
62 0 397
0 62 397
41 170 680
170 41 680
290 24 495
24 290 495
117 44 716
44 117 716
186 135 187
135 186 187
312 146 314
146 312 314
351 375 734
375 351 734
44 319 202
319 44 202
227 236 639
236 227 639
133 160 817
160 133 817
180 222 569
222 180 569
128 264 292
264 128 292
7 106 516
106 7 516
301 224 112
224 301 112
369 362 847
362 369 847
155 226 545
226 155 545
268 177 872
177 268 872
353 221 992
221 353 992
154 48 780
48 154 780
345 133 940
133 345 940
361 265 915
265 361 915
282 393 131
393 282 131
373 352 237
352 373 237
40 206 413
206 40 413
127 374 351
374 127 351
282 200 247
200 282 247
103 377 119
377 103 119
56 150 462
150 56 462
163 151 241
151 163 241
108 284 532
284 108 532
21 150 798
150 21 798
255 95 928
95 255 928
228 0 517
0 228 517
220 206 929
206 220 929
324 333 304
333 324 304
226 167 456
167 226 456
24 270 34
270 24 34
142 279 736
279 142 736
355 394 287
394 355 287
147 102 124
102 147 124
31 75 274
75 31 274
228 331 921
331 228 921
156 111 521
111 156 521
272 284 727
284 272 727
0 208 612
208 0 612
55 34 732
34 55 732
311 58 602
58 311 602
96 153 233
153 96 233
383 60 427
60 383 427
22 208 681
208 22 681
345 191 309
191 345 309
370 19 192
19 370 192
90 127 503
127 90 503
211 351 987
351 211 987
89 352 147
352 89 147
359 180 33
180 359 33
222 191 986
191 222 986
318 296 571
296 318 571
302 308 349
308 302 349
324 68 382
68 324 382
221 259 690
259 221 690
191 279 881
279 191 881
281 6 735
6 281 735
92 358 722
358 92 722
182 262 868
262 182 868
35 173 201
173 35 201
219 396 344
396 219 344
156 266 392
266 156 392
126 168 900
168 126 900
75 44 369
44 75 369
8 265 828
265 8 828
97 8 459
8 97 459
129 290 666
290 129 666
263 334 776
334 263 776
336 116 990
116 336 990
156 103 515
103 156 515
322 310 500
310 322 500
31 129 891
129 31 891
157 249 142
249 157 142
184 294 510
294 184 510
192 111 338
111 192 338
241 120 796
120 241 796
370 362 813
362 370 813
186 296 940
296 186 940
122 365 281
365 122 281
278 68 796
68 278 796
386 343 458
343 386 458
237 374 939
374 237 939
79 83 989
83 79 989
221 268 483
268 221 483
330 12 546
12 330 546
219 254 418
254 219 418
167 176 780
176 167 780
131 314 277
314 131 277
71 389 242
389 71 242
103 267 662
267 103 662
50 206 205
206 50 205
260 43 931
43 260 931
198 123 415
123 198 415
386 296 283
296 386 283
20 178 247
178 20 247
118 398 653
398 118 653
335 165 430
165 335 430
67 296 296
296 67 296
143 319 285
319 143 285
136 375 705
375 136 705
149 25 711
25 149 711
154 285 506
285 154 506
84 36 981
36 84 981
50 22 629
22 50 629
332 395 608
395 332 608
179 113 606
113 179 606
0 322 813
322 0 813
67 170 461
170 67 461
162 42 745
42 162 745
250 17 801
17 250 801
0 394 863
394 0 863
154 232 369
232 154 369
190 268 701
268 190 701
241 242 330
242 241 330
125 237 937
237 125 937
256 302 894
302 256 894
40 303 368
303 40 368
4 322 690
322 4 690
64 85 132
85 64 132
161 335 301
335 161 301
161 335 896
335 161 896
224 41 480
41 224 480
344 184 148
184 344 148
196 377 742
377 196 742
77 102 180
102 77 180
213 311 34
311 213 34
58 351 537
351 58 537
225 355 460
355 225 460
67 372 497
372 67 497
398 133 232
133 398 232
251 246 320
246 251 320
146 22 561
22 146 561
177 318 745
318 177 745
124 115 722
115 124 722
265 192 977
192 265 977
196 358 888
358 196 888
382 368 839
368 382 839
146 345 130
345 146 130
213 317 978
317 213 978
163 2 210
2 163 210
14 249 529
249 14 529
112 271 441
271 112 441
289 142 186
142 289 186
13 257 259
257 13 259
231 1 235
1 231 235
379 311 122
311 379 122
361 280 312
280 361 312
32 26 10
26 32 10
113 239 527
239 113 527
291 2 682
2 291 682
52 369 331
369 52 331
132 81 954
81 132 954
172 371 696
371 172 696
309 336 105
336 309 105
120 119 59
119 120 59
106 99 370
99 106 370
228 12 450
12 228 450
291 44 428
44 291 428
300 110 419
110 300 419
179 353 374
353 179 374
60 5 543
5 60 543
142 89 776
89 142 776
95 213 699
213 95 699
143 123 788
123 143 788
399 195 907
195 399 907
257 301 158
301 257 158
27 81 971
81 27 971
373 166 809
166 373 809
225 228 227
228 225 227
356 181 952
181 356 952
16 186 494
186 16 494
110 275 622
275 110 622
158 89 320
89 158 320
301 164 107
164 301 107
252 311 366
311 252 366
110 212 523
212 110 523
137 294 845
294 137 845
117 219 564
219 117 564
125 396 392
396 125 392
352 353 374
353 352 374
255 321 112
321 255 112
301 32 740
32 301 740
122 142 181
142 122 181
41 395 897
395 41 897
300 247 608
247 300 608
265 357 620
357 265 620
339 46 66
46 339 66
184 164 37
164 184 37
99 289 634
289 99 634
290 193 187
193 290 187
215 49 60
49 215 60
327 350 244
350 327 244
218 24 386
24 218 386
198 65 181
65 198 181
246 317 781
317 246 781
182 337 825
337 182 825
122 384 891
384 122 891
258 148 927
148 258 927
357 389 912
389 357 912
199 183 450
183 199 450
15 184 510
184 15 510
294 86 753
86 294 753
112 110 491
110 112 491
262 127 23
127 262 23
108 45 803
45 108 803
313 179 141
179 313 141
337 301 277
301 337 277
379 111 777
111 379 777
68 165 570
165 68 570
268 300 20
300 268 20
235 36 881
36 235 881
129 122 985
122 129 985
193 232 475
232 193 475
7 360 850
360 7 850
67 357 652
357 67 652
380 136 144
136 380 144
269 390 772
390 269 772
201 101 548
101 201 548
11 122 914
122 11 914
380 390 966
390 380 966
151 225 3
225 151 3
183 306 125
306 183 125
168 99 510
99 168 510
194 106 22
106 194 22
43 173 731
173 43 731
47 105 867
105 47 867
326 256 315
256 326 315
127 310 214
310 127 214
138 32 479
32 138 479
71 374 445
374 71 445
174 151 799
151 174 799
358 57 275
57 358 275
78 108 784
108 78 784
272 166 157
166 272 157
268 291 887
291 268 887
267 396 106
396 267 106
361 274 562
274 361 562
227 2 24
2 227 24
41 92 256
92 41 256
319 115 782
115 319 782
115 290 333
290 115 333
313 200 390
200 313 390
188 278 650
278 188 650
323 102 616
102 323 616
232 370 307
370 232 307
318 189 55
189 318 55
223 151 330
151 223 330
337 378 332
378 337 332
175 368 644
368 175 644
291 349 359
349 291 359
181 34 225
34 181 225
381 175 365
175 381 365
211 25 288
25 211 288
313 40 720
40 313 720
284 347 391
347 284 391
25 201 814
201 25 814
176 330 503
330 176 503
107 13 216
13 107 216
30 189 184
189 30 184
80 284 985
284 80 985
213 318 561
318 213 561
146 46 925
46 146 925
357 71 564
71 357 564
270 111 636
111 270 636
106 58 378
58 106 378
132 212 191
212 132 191
260 94 46
94 260 46
319 108 261
108 319 261
302 249 796
249 302 796
175 281 80
281 175 80
311 46 151
46 311 151
271 192 397
192 271 397
147 101 820
101 147 820
311 371 331
371 311 331
98 30 942
30 98 942
275 114 706
114 275 706
217 326 600
326 217 600
262 246 660
246 262 660
322 148 509
148 322 509
269 275 190
275 269 190
149 187 36
187 149 36
251 10 980
10 251 980
399 158 881
158 399 881
218 21 805
21 218 805
100 71 235
71 100 235
393 346 501
346 393 501
98 163 227
163 98 227
298 378 673
378 298 673
157 252 173
252 157 173
266 122 649
122 266 649
207 223 788
223 207 788
195 26 150
26 195 150
377 259 808
259 377 808
147 280 612
280 147 612
247 351 198
351 247 198
241 249 698
249 241 698
291 13 924
13 291 924
189 343 949
343 189 949
299 195 473
195 299 473
117 269 473
269 117 473
324 92 260
92 324 260
71 70 410
70 71 410
46 47 69
47 46 69
253 194 302
194 253 302
216 394 805
394 216 805
13 187 655
187 13 655
78 219 538
219 78 538
220 162 838
162 220 838
119 309 311
309 119 311
236 179 783
179 236 783
112 223 395
223 112 395
184 294 156
294 184 156
182 293 224
293 182 224
387 88 877
88 387 877
203 34 682
34 203 682
168 221 336
221 168 336
182 299 507
299 182 507
119 71 469
71 119 469
357 190 530
190 357 530
219 26 309
26 219 309
201 139 685
139 201 685
395 275 779
275 395 779
150 57 224
57 150 224
126 44 464
44 126 464
154 199 898
199 154 898
235 367 471
367 235 471
122 149 971
149 122 971
228 220 794
220 228 794
177 184 979
184 177 979
348 162 639
162 348 639
150 253 323
253 150 323
97 128 453
128 97 453
200 185 677
185 200 677
326 181 140
181 326 140
80 380 38
380 80 38
268 299 508
299 268 508
0 29 772
29 0 772
221 23 572
23 221 572
350 159 550
159 350 550
299 321 189
321 299 189
1 175 511
175 1 511
98 303 964
303 98 964
298 41 992
41 298 992
176 174 131
174 176 131
209 155 520
155 209 520
29 6 380
6 29 380
371 7 561
7 371 561
94 180 184
180 94 184
266 130 895
130 266 895
215 29 217
29 215 217
155 382 792
382 155 792
266 81 647
81 266 647
381 331 88
331 381 88
372 60 863
60 372 863
54 221 770
221 54 770
174 250 928
250 174 928
305 173 335
173 305 335
65 268 867
268 65 867
86 397 896
397 86 896
378 311 810
311 378 810
361 302 28
302 361 28
394 149 561
149 394 561
277 388 85
388 277 85
289 2 739
2 289 739
110 171 265
171 110 265
312 251 170
251 312 170
38 337 636
337 38 636
258 204 637
204 258 637
344 201 884
201 344 884
197 131 996
131 197 996
206 44 250
44 206 250
385 38 799
38 385 799
268 339 630
339 268 630
157 341 369
341 157 369
220 65 985
65 220 985
84 316 155
316 84 155
122 253 142
253 122 142
380 57 130
57 380 130
324 258 13
258 324 13
74 342 360
342 74 360
280 386 610
386 280 610
266 377 408
377 266 408
11 245 899
245 11 899
193 354 241
354 193 241
161 174 906
174 161 906
345 259 822
259 345 822
251 333 675
333 251 675
344 314 333
314 344 333
25 190 743
190 25 743
238 264 885
264 238 885
397 145 624
145 397 624
6 363 401
363 6 401
366 326 46
326 366 46
264 119 600
119 264 600
56 232 727
232 56 727
361 130 786
130 361 786
182 381 519
381 182 519
278 184 142
184 278 142
303 375 236
375 303 236
93 239 473
239 93 473
91 336 96
336 91 96
49 251 848
251 49 848
367 178 893
178 367 893
184 249 844
249 184 844
240 82 570
82 240 570
202 212 707
212 202 707
145 377 746
377 145 746
375 161 239
161 375 239
279 88 827
88 279 827
372 328 299
328 372 299
15 216 746
216 15 746
17 68 593
68 17 593
336 198 837
198 336 837
120 399 680
399 120 680
361 81 602
81 361 602
115 245 308
245 115 308
51 343 885
343 51 885
149 270 799
270 149 799
187 149 887
149 187 887
13 74 567
74 13 567
263 41 384
41 263 384
8 10 404
10 8 404
347 153 789
153 347 789
67 152 469
152 67 469
380 186 70
186 380 70
95 383 377
383 95 377
99 278 614
278 99 614
200 149 412
149 200 412
339 250 650
250 339 650
305 324 217
324 305 217
168 318 952
318 168 952
129 328 707
328 129 707
281 275 60
275 281 60
270 295 364
295 270 364
90 275 702
275 90 702
359 323 286
323 359 286
287 374 716
374 287 716
252 174 865
174 252 865
15 65 516
65 15 516
65 370 792
370 65 792
233 91 62
91 233 62
384 220 391
220 384 391
90 101 218
101 90 218
301 323 713
323 301 713
264 13 589
13 264 589
366 324 64
324 366 64
3 164 590
164 3 590
318 16 364
16 318 364
335 32 581
32 335 581
202 49 152
49 202 152
345 282 43
282 345 43
7 218 263
218 7 263
397 308 116
308 397 116
166 161 392
161 166 392
377 156 20
156 377 20
295 81 83
81 295 83
298 197 672
197 298 672
169 213 387
213 169 387
104 197 967
197 104 967
306 198 470
198 306 470
251 80 512
80 251 512
210 298 126
298 210 126
159 158 594
158 159 594
326 271 985
271 326 985
205 249 893
249 205 893
24 144 574
144 24 574
58 395 123
395 58 123
281 164 137
164 281 137
19 220 86
220 19 86
137 78 685
78 137 685
207 329 917
329 207 917
270 140 368
140 270 368
196 299 678
299 196 678
341 177 550
177 341 550
277 382 399
382 277 399
369 358 695
358 369 695
143 368 490
368 143 490
17 201 606
201 17 606
105 220 378
220 105 378
391 310 656
310 391 656
27 117 786
117 27 786
95 387 878
387 95 878
62 135 729
135 62 729
140 76 707
76 140 707
89 353 241
353 89 241
239 323 352
323 239 352
85 18 120
18 85 120
375 35 922
35 375 922
332 141 494
141 332 494
110 84 804
84 110 804
365 63 673
63 365 673
102 158 613
158 102 613
331 173 748
173 331 748
265 176 319
176 265 319
306 81 911
81 306 911
145 356 262
356 145 262
230 326 382
326 230 382
157 362 655
362 157 655
42 55 500
55 42 500
104 91 656
91 104 656
69 106 328
106 69 328
124 264 940
264 124 940
55 389 40
389 55 40
67 254 768
254 67 768
337 160 249
160 337 249
257 205 62
205 257 62
40 83 795
83 40 795
149 397 449
397 149 449
191 52 301
52 191 301
295 95 956
95 295 956
317 201 635
201 317 635
41 18 575
18 41 575
48 7 966
7 48 966
214 84 758
84 214 758
374 332 558
332 374 558
184 89 620
89 184 620
224 173 414
173 224 414
373 170 215
170 373 215
117 175 867
175 117 867
12 222 822
222 12 822
281 376 456
376 281 456
274 394 382
394 274 382
275 353 699
353 275 699
343 167 783
167 343 783
252 142 116
142 252 116
210 326 357
326 210 357
381 102 882
102 381 882
346 75 605
75 346 605
312 192 532
192 312 532
178 157 754
157 178 754
151 38 530
38 151 530
207 313 876
313 207 876
140 29 640
29 140 640
83 196 422
196 83 422
287 290 889
290 287 889
49 216 598
216 49 598
30 318 831
318 30 831
329 346 435
346 329 435
241 90 966
90 241 966
372 247 72
247 372 72
123 238 953
238 123 953
103 228 176
228 103 176
243 257 815
257 243 815
5 387 166
387 5 166
296 276 216
276 296 216
112 25 998
25 112 998
383 255 927
255 383 927
281 242 921
242 281 921
371 207 845
207 371 845
171 230 520
230 171 520
9 383 755
383 9 755
112 163 930
163 112 930
355 372 744
372 355 744
233 377 683
377 233 683
350 273 511
273 350 511
117 338 936
338 117 936
315 321 192
321 315 192
393 154 234
154 393 234
265 125 593
125 265 593
61 296 376
296 61 376
381 257 111
257 381 111
135 369 674
369 135 674
264 276 646
276 264 646
359 61 223
61 359 223
41 12 497
12 41 497
352 81 35
81 352 35
239 396 508
396 239 508
382 342 614
342 382 614
367 207 939
207 367 939
112 269 588
269 112 588
87 202 845
202 87 845
397 289 167
289 397 167
70 105 995
105 70 995
67 64 857
64 67 857
89 57 621
57 89 621
337 361 502
361 337 502
123 201 851
201 123 851
182 183 593
183 182 593
395 103 352
103 395 352
286 215 973
215 286 973
25 302 975
302 25 975
299 263 388
263 299 388
321 320 735
320 321 735
388 384 943
384 388 943
29 394 563
394 29 563
367 307 416
307 367 416
42 108 618
108 42 618
225 244 210
244 225 210
220 299 914
299 220 914
58 114 886
114 58 886
83 16 861
16 83 861
105 267 676
267 105 676
44 140 397
140 44 397
130 80 533
80 130 533
72 109 279
109 72 279
186 28 987
28 186 987
202 71 647
71 202 647
371 296 443
296 371 443
333 68 142
68 333 142
246 79 808
79 246 808
331 162 176
162 331 176
343 219 443
219 343 443
216 134 120
134 216 120
346 214 4
214 346 4
19 276 283
276 19 283
205 304 621
304 205 621
359 327 267
327 359 267
283 223 62
223 283 62
216 244 555
244 216 555
62 323 363
323 62 363
345 37 538
37 345 538
289 209 333
209 289 333
12 25 219
25 12 219
323 233 935
233 323 935
294 61 569
61 294 569
100 365 189
365 100 189
11 245 808
245 11 808
294 20 221
20 294 221
62 264 775
264 62 775
124 139 489
139 124 489
70 129 379
129 70 379
311 338 63
338 311 63
275 315 281
315 275 281
158 238 466
238 158 466
133 326 214
326 133 214
185 244 754
244 185 754
148 89 913
89 148 913
395 109 133
109 395 133
326 259 335
259 326 335
17 99 805
99 17 805
146 277 68
277 146 68
36 291 495
291 36 495
351 372 853
372 351 853
190 237 497
237 190 497
275 116 62
116 275 62
12 312 168
312 12 168
160 1 80
1 160 80
155 62 565
62 155 565
165 340 176
340 165 176
299 358 627
358 299 627
55 56 457
56 55 457
74 93 348
93 74 348
368 44 520
44 368 520
20 186 510
186 20 510
68 61 626
61 68 626
73 89 450
89 73 450
186 90 881
90 186 881
104 196 707
196 104 707
45 371 158
371 45 158
355 198 413
198 355 413
11 206 87
206 11 87
104 153 255
153 104 255
149 73 627
73 149 627
287 134 848
134 287 848
349 311 130
311 349 130
374 0 931
0 374 931
160 42 811
42 160 811
54 146 608
146 54 608
112 143 931
143 112 931
70 98 881
98 70 881
82 62 287
62 82 287
169 166 41
166 169 41
175 267 666
267 175 666
202 155 800
155 202 800
249 56 263
56 249 263
330 30 663
30 330 663
60 143 905
143 60 905
70 197 3
197 70 3
309 146 713
146 309 713
379 196 593
196 379 593
14 258 232
258 14 232
183 377 272
377 183 272
358 196 289
196 358 289
112 351 440
351 112 440
361 359 702
359 361 702
291 390 716
390 291 716
303 133 620
133 303 620
374 282 974
282 374 974
155 191 320
191 155 320
67 123 469
123 67 469
212 137 679
137 212 679
43 320 856
320 43 856
66 230 253
230 66 253
354 343 756
343 354 756
145 256 668
256 145 668
198 148 658
148 198 658
113 3 943
3 113 943
284 377 625
377 284 625
57 85 568
85 57 568
377 152 91
152 377 91
397 364 980
364 397 980
275 359 700
359 275 700
131 25 83
25 131 83
135 379 178
379 135 178
42 124 234
124 42 234
309 322 334
322 309 334
118 387 138
387 118 138
271 66 589
66 271 589
329 151 157
151 329 157
258 256 599
256 258 599
255 172 579
172 255 579
130 132 630
132 130 630
213 157 712
157 213 712
348 89 889
89 348 889
343 165 123
165 343 123
204 40 456
40 204 456
323 27 945
27 323 945
335 251 412
251 335 412
76 180 163
180 76 163
38 370 831
370 38 831
245 95 409
95 245 409
375 227 39
227 375 39
189 336 102
336 189 102
89 377 343
377 89 343
32 143 465
143 32 465
237 135 272
135 237 272
112 114 217
114 112 217
47 365 980
365 47 980
123 145 494
145 123 494
307 135 65
135 307 65
290 380 960
380 290 960
298 308 939
308 298 939
288 97 227
97 288 227
142 186 805
186 142 805
84 219 900
219 84 900
100 8 987
8 100 987
323 120 501
120 323 501
91 119 867
119 91 867
270 195 764
195 270 764
164 102 452
102 164 452
380 392 232
392 380 232
291 243 540
243 291 540
381 83 389
83 381 389
7 225 976
225 7 976
363 261 547
261 363 547
14 313 307
313 14 307
200 237 427
237 200 427
101 328 98
328 101 98
319 151 693
151 319 693
282 267 148
267 282 148
333 247 940
247 333 940
90 134 809
134 90 809
71 218 198
218 71 198
30 395 525
395 30 525
394 209 423
209 394 423
8 122 81
122 8 81
161 359 507
359 161 507
262 240 604
240 262 604
133 343 649
343 133 649
15 210 796
210 15 796
301 9 735
9 301 735
170 99 622
99 170 622
330 122 592
122 330 592
79 152 939
152 79 939
355 98 948
98 355 948
177 59 71
59 177 71
257 220 382
220 257 382
315 34 174
34 315 174
71 167 717
167 71 717
119 134 479
134 119 479
114 387 288
387 114 288
0 157 339
157 0 339
21 40 413
40 21 413
164 119 166
119 164 166
303 75 816
75 303 816
250 252 75
252 250 75
272 62 47
62 272 47
206 329 281
329 206 281
379 0 600
0 379 600
48 71 535
71 48 535
326 185 474
185 326 474
166 138 984
138 166 984
56 111 224
111 56 224
69 276 743
276 69 743
186 131 418
131 186 418
353 381 23
381 353 23
228 206 637
206 228 637
274 12 766
12 274 766
343 318 107
318 343 107
391 389 993
389 391 993
270 127 819
127 270 819
388 217 802
217 388 802
396 328 25
328 396 25
17 156 119
156 17 119
203 287 889
287 203 889
157 221 263
221 157 263
337 27 899
27 337 899
163 391 16
391 163 16
70 334 86
334 70 86
129 278 228
278 129 228
73 100 355
100 73 355
291 88 172
88 291 172
44 36 652
36 44 652
220 54 9
54 220 9
139 257 96
257 139 96
179 366 69
366 179 69
241 255 96
255 241 96
291 19 487
19 291 487
258 41 374
41 258 374
144 122 252
122 144 252
323 196 504
196 323 504
277 39 744
39 277 744
0 36 980
36 0 980
3 256 634
256 3 634
163 347 644
347 163 644
78 361 128
361 78 128
319 217 576
217 319 576
162 236 414
236 162 414
21 229 787
229 21 787
117 352 390
352 117 390
40 100 893
100 40 893
269 91 636
91 269 636
221 127 616
127 221 616
224 336 601
336 224 601
388 235 244
235 388 244
199 314 6
314 199 6
278 233 175
233 278 175
253 348 211
348 253 211
19 369 192
369 19 192
5 86 544
86 5 544
395 78 796
78 395 796
87 347 888
347 87 888
275 168 615
168 275 615
242 344 503
344 242 503
332 338 87
338 332 87
83 252 444
252 83 444
37 17 968
17 37 968
385 179 187
179 385 187
170 144 593
144 170 593
66 139 871
139 66 871
61 178 970
178 61 970
148 5 490
5 148 490
315 247 35
247 315 35
369 290 919
290 369 919
307 176 203
176 307 203
111 219 717
219 111 717
149 236 684
236 149 684
134 367 223
367 134 223
41 137 767
137 41 767
385 203 58
203 385 58
8 217 988
217 8 988
329 317 194
317 329 194
19 184 641
184 19 641
53 154 931
154 53 931
371 13 659
13 371 659
325 125 830
125 325 830
241 226 618
226 241 618
277 312 585
312 277 585
99 353 275
353 99 275
17 291 230
291 17 230
74 251 247
251 74 247
261 180 565
180 261 565
6 199 501
199 6 501
47 204 855
204 47 855
329 176 469
176 329 469
340 53 746
53 340 746
169 295 372
295 169 372
139 172 484
172 139 484
75 271 790
271 75 790
149 240 881
240 149 881
379 314 332
314 379 332
25 127 112
127 25 112
134 63 843
63 134 843
133 267 49
267 133 49
14 395 517
395 14 517
306 49 262
49 306 262
28 344 633
344 28 633
167 68 469
68 167 469
242 291 258
291 242 258
392 131 138
131 392 138
323 397 821
397 323 821
300 124 284
124 300 284
242 210 347
210 242 347
236 295 567
295 236 567
84 262 362
262 84 362
153 168 411
168 153 411
214 196 107
196 214 107
399 363 175
363 399 175
219 158 618
158 219 618
76 102 149
102 76 149
213 25 946
25 213 946
385 325 823
325 385 823
68 119 785
119 68 785
355 32 382
32 355 382
40 294 95
294 40 95
193 62 858
62 193 858
359 211 964
211 359 964
310 174 491
174 310 491
129 284 108
284 129 108
205 386 257
386 205 257
370 11 554
11 370 554
355 289 728
289 355 728
24 8 513
8 24 513
191 364 345
364 191 345
324 356 591
356 324 591
18 149 205
149 18 205
75 60 616
60 75 616
391 323 343
323 391 343
52 226 341
226 52 341
213 348 581
348 213 581
176 254 689
254 176 689
65 181 265
181 65 265
26 245 8
245 26 8
390 341 132
341 390 132
298 331 702
331 298 702
399 336 130
336 399 130
59 103 873
103 59 873
382 45 106
45 382 106
387 272 446
272 387 446
37 146 330
146 37 330
213 0 370
0 213 370
231 181 986
181 231 986
209 27 993
27 209 993
151 320 476
320 151 476
49 252 178
252 49 178
48 140 659
140 48 659
59 243 531
243 59 531
42 289 636
289 42 636
381 113 433
113 381 433
130 150 179
150 130 179
11 315 131
315 11 131
381 146 313
146 381 313
366 355 292
355 366 292
111 58 764
58 111 764
386 107 616
107 386 616
315 155 108
155 315 108
373 215 504
215 373 504
55 209 793
209 55 793
42 190 258
190 42 258
227 272 608
272 227 608
157 283 123
283 157 123
88 216 622
216 88 622
152 183 329
183 152 329
243 294 388
294 243 388
206 232 47
232 206 47
374 148 3
148 374 3
233 73 770
73 233 770
336 129 931
129 336 931
280 123 873
123 280 873
337 350 345
350 337 345
96 108 28
108 96 28
219 196 645
196 219 645
392 348 180
348 392 180
72 143 626
143 72 626
211 301 458
301 211 458
58 227 206
227 58 206
61 79 582
79 61 582
397 160 864
160 397 864
278 283 736
283 278 736
167 186 80
186 167 80
264 246 107
246 264 107
35 394 103
394 35 103
27 342 282
342 27 282
51 37 907
37 51 907
263 290 717
290 263 717
273 118 922
118 273 922
285 179 153
179 285 153
18 128 865
128 18 865
358 348 817
348 358 817
86 295 743
295 86 743
332 153 978
153 332 978
326 56 557
56 326 557
220 89 808
89 220 808
209 148 823
148 209 823
99 64 296
64 99 296
337 332 749
332 337 749
290 350 278
350 290 278
354 31 188
31 354 188
254 199 66
199 254 66
292 46 808
46 292 808
224 152 785
152 224 785
102 160 693
160 102 693
322 249 853
249 322 853
131 349 675
349 131 675
183 13 323
13 183 323
0 351 255
351 0 255
301 193 758
193 301 758
330 99 341
99 330 341
317 306 741
306 317 741
383 198 739
198 383 739
342 375 91
375 342 91
327 77 251
77 327 251
0 252 224
252 0 224
83 201 899
201 83 899
218 167 573
167 218 573
171 70 179
70 171 179
72 263 936
263 72 936
354 314 277
314 354 277
271 220 369
220 271 369
206 19 459
19 206 459
149 394 550
394 149 550
28 23 152
23 28 152
199 375 356
375 199 356
223 59 158
59 223 158
273 229 325
229 273 325
45 0 547
0 45 547
175 72 610
72 175 610
311 26 276
26 311 276
339 250 697
250 339 697
59 8 68
8 59 68
317 157 214
157 317 214
137 236 923
236 137 923
337 212 278
212 337 278
112 223 435
223 112 435
385 52 111
52 385 111
382 53 9
53 382 9
157 77 618
77 157 618
20 104 246
104 20 246
311 306 942
306 311 942
370 314 361
314 370 361
240 24 574
24 240 574
210 161 762
161 210 762
332 50 526
50 332 526
10 162 149
162 10 149
196 99 154
99 196 154
259 33 759
33 259 759
267 143 36
143 267 36
37 163 892
163 37 892
282 27 198
27 282 198
349 312 536
312 349 536
189 288 461
288 189 461
352 49 574
49 352 574
284 100 100
100 284 100
246 214 248
214 246 248
395 314 753
314 395 753
206 347 511
347 206 511
25 90 547
90 25 547
62 206 438
206 62 438
296 233 988
233 296 988
223 182 252
182 223 252
158 324 140
324 158 140
170 228 389
228 170 389
144 64 641
64 144 641
243 311 256
311 243 256
258 321 396
321 258 396
64 220 906
220 64 906
263 3 705
3 263 705
393 352 607
352 393 607
380 176 741
176 380 741
231 286 465
286 231 465
322 9 45
9 322 45
62 153 910
153 62 910
303 348 173
348 303 173
310 142 383
142 310 383
183 289 847
289 183 847
355 347 640
347 355 640
218 350 344
350 218 344
191 343 249
343 191 249
397 275 177
275 397 177
338 58 663
58 338 663
154 380 872
380 154 872
199 43 377
43 199 377
308 298 277
298 308 277
232 160 820
160 232 820
14 343 109
343 14 109
212 250 656
250 212 656
51 69 359
69 51 359
347 260 654
260 347 654
210 329 972
329 210 972
148 387 986
387 148 986
302 320 210
320 302 210
53 315 938
315 53 938
313 213 215
213 313 215
145 325 386
325 145 386
159 220 846
220 159 846
323 70 854
70 323 854
375 91 212
91 375 212
322 304 865
304 322 865
69 114 746
114 69 746
192 262 686
262 192 686
177 116 6
116 177 6
338 170 121
170 338 121
76 83 86
83 76 86
42 181 211
181 42 211
27 292 831
292 27 831
224 216 101
216 224 101
277 191 393
191 277 393
40 65 697
65 40 697
257 134 963
134 257 963
2 326 825
326 2 825
87 55 493
55 87 493
44 394 463
394 44 463
316 22 899
22 316 899
1 64 80
64 1 80
363 43 372
43 363 372
193 267 340
267 193 340
46 97 131
97 46 131
390 137 996
137 390 996
238 346 82
346 238 82
200 349 360
349 200 360
24 388 816
388 24 816
268 33 362
33 268 362
283 349 584
349 283 584
351 247 213
247 351 213
266 290 936
290 266 936
60 109 276
109 60 276
58 206 758
206 58 758
48 296 754
296 48 754
238 242 187
242 238 187
38 143 547
143 38 547
14 132 362
132 14 362
282 165 723
165 282 723
165 66 306
66 165 306
98 369 705
369 98 705
310 236 547
236 310 547
198 248 656
248 198 656
25 306 415
306 25 415
382 306 63
306 382 63
87 144 705
144 87 705
74 134 249
134 74 249
220 148 933
148 220 933
133 382 650
382 133 650
207 148 116
148 207 116
64 198 486
198 64 486
109 73 115
73 109 115
259 321 122
321 259 122
284 179 536
179 284 536
266 37 598
37 266 598
354 181 655
181 354 655
380 267 255
267 380 255
152 15 187
15 152 187
285 397 836
397 285 836
97 150 509
150 97 509
296 387 429
387 296 429
357 60 543
60 357 543
216 333 16
333 216 16
112 351 671
351 112 671
149 348 977
348 149 977
282 154 157
154 282 157
149 8 109
8 149 109
116 394 546
394 116 546
66 181 542
181 66 542
163 284 50
284 163 50
11 271 478
271 11 478
320 284 372
284 320 372
88 217 740
217 88 740
140 282 291
282 140 291
11 31 791
31 11 791
266 345 697
345 266 697
15 353 157
353 15 157
84 300 55
300 84 55
150 81 596
81 150 596
265 365 998
365 265 998
277 189 827
189 277 827
197 25 199
25 197 199
286 242 938
242 286 938
378 76 580
76 378 580
341 108 370
108 341 370
81 326 667
326 81 667
329 341 373
341 329 373
85 25 673
25 85 673
291 127 106
127 291 106
287 393 624
393 287 624
84 222 13
222 84 13
310 19 238
19 310 238
60 257 832
257 60 832
149 188 509
188 149 509
81 368 251
368 81 251
162 294 269
294 162 269
91 187 641
187 91 641
129 165 665
165 129 665
20 292 123
292 20 123
307 237 746
237 307 746
343 59 758
59 343 758
254 31 347
31 254 347
240 329 817
329 240 817
28 189 697
189 28 697
110 109 299
109 110 299
224 355 568
355 224 568
268 95 560
95 268 560
397 260 577
260 397 577
17 104 699
104 17 699
277 294 444
294 277 444
220 353 553
353 220 553
26 384 251
384 26 251
293 177 132
177 293 132
309 205 522
205 309 522
5 267 583
267 5 583
256 44 291
44 256 291
23 312 786
312 23 786
334 309 998
309 334 998
310 278 254
278 310 254
208 107 748
107 208 748
251 280 502
280 251 502
3 306 838
306 3 838
205 199 815
199 205 815
337 60 173
60 337 173
210 18 192
18 210 192
192 274 236
274 192 236
82 249 148
249 82 148
19 183 409
183 19 409
216 94 488
94 216 488
70 302 547
302 70 547
169 106 627
106 169 627
270 61 934
61 270 934
260 267 685
267 260 685
74 204 698
204 74 698
398 14 316
14 398 316
190 158 542
158 190 542
193 390 926
390 193 926
212 125 334
125 212 334
381 219 173
219 381 173
3 74 72
74 3 72
172 132 698
132 172 698
395 193 983
193 395 983
207 60 20
60 207 20
233 216 717
216 233 717
232 182 384
182 232 384
22 293 277
293 22 277
399 86 219
86 399 219
76 250 944
250 76 944
210 183 116
183 210 116
134 186 390
186 134 390
5 311 922
311 5 922
55 258 67
258 55 67
237 65 728
65 237 728
256 298 696
298 256 696
124 130 231
130 124 231
307 104 524
104 307 524
135 56 762
56 135 762
353 132 564
132 353 564
297 294 548
294 297 548
12 29 286
29 12 286
153 386 749
386 153 749
393 206 693
206 393 693
231 223 772
223 231 772
39 74 468
74 39 468
116 204 50
204 116 50
375 261 925
261 375 925
111 317 686
317 111 686
64 49 601
49 64 601
361 344 500
344 361 500
325 385 679
385 325 679
263 333 305
333 263 305
257 92 998
92 257 998
40 315 121
315 40 121
31 389 940
389 31 940
147 146 989
146 147 989
123 359 913
359 123 913
234 228 950
228 234 950
250 277 903
277 250 903
164 173 402
173 164 402
89 50 187
50 89 187
120 266 73
266 120 73
176 123 717
123 176 717
325 115 984
115 325 984
246 146 126
146 246 126
185 246 424
246 185 424
174 321 383
321 174 383
