0 1 961
1 0 961
1 2 464
2 1 464
2 3 357
3 2 357
3 4 599
4 3 599
4 5 546
5 4 546
5 6 315
6 5 315
6 7 489
7 6 489
7 8 278
8 7 278
8 9 725
9 8 725
9 10 506
10 9 506
10 11 339
11 10 339
11 12 154
12 11 154
12 13 929
13 12 929
13 14 383
14 13 383
14 15 984
15 14 984
15 16 908
16 15 908
16 17 161
17 16 161
17 18 40
18 17 40
18 19 859
19 18 859
19 20 632
20 19 632
20 21 130
21 20 130
21 22 448
22 21 448
22 23 959
23 22 959
23 24 394
24 23 394
24 25 150
25 24 150
25 26 225
26 25 225
26 27 96
27 26 96
27 28 130
28 27 130
28 29 922
29 28 922
29 30 852
30 29 852
30 31 815
31 30 815
31 32 882
32 31 882
32 33 667
33 32 667
33 34 523
34 33 523
34 35 832
35 34 832
35 36 213
36 35 213
36 37 190
37 36 190
37 38 673
38 37 673
38 39 842
39 38 842
39 40 266
40 39 266
40 41 178
41 40 178
41 42 181
42 41 181
42 43 771
43 42 771
43 44 106
44 43 106
44 45 563
45 44 563
45 46 754
46 45 754
46 47 13
47 46 13
47 48 723
48 47 723
48 49 146
49 48 146
49 50 871
50 49 871
50 51 354
51 50 354
51 52 275
52 51 275
52 53 671
53 52 671
53 54 664
54 53 664
54 55 20
55 54 20
55 56 172
56 55 172
56 57 889
57 56 889
57 58 115
58 57 115
58 59 302
59 58 302
59 60 162
60 59 162
60 61 319
61 60 319
61 62 468
62 61 468
62 63 43
63 62 43
63 64 985
64 63 985
64 65 990
65 64 990
65 66 227
66 65 227
66 67 549
67 66 549
67 68 531
68 67 531
68 69 899
69 68 899
69 70 391
70 69 391
70 71 796
71 70 796
71 72 76
72 71 76
72 73 923
73 72 923
73 74 567
74 73 567
74 75 533
75 74 533
75 76 485
76 75 485
76 77 672
77 76 672
77 78 546
78 77 546
78 79 559
79 78 559
79 80 817
80 79 817
80 81 768
81 80 768
81 82 265
82 81 265
82 83 91
83 82 91
83 84 790
84 83 790
84 85 928
85 84 928
85 86 462
86 85 462
86 87 962
87 86 962
87 88 168
88 87 168
88 89 577
89 88 577
89 90 615
90 89 615
90 91 329
91 90 329
91 92 895
92 91 895
92 93 82
93 92 82
93 94 724
94 93 724
94 95 231
95 94 231
95 96 423
96 95 423
96 97 950
97 96 950
97 98 132
98 97 132
98 99 954
99 98 954
99 100 848
100 99 848
100 101 874
101 100 874
101 102 101
102 101 101
102 103 923
103 102 923
103 104 796
104 103 796
104 105 19
105 104 19
105 106 455
106 105 455
106 107 632
107 106 632
107 108 691
108 107 691
108 109 352
109 108 352
109 110 190
110 109 190
110 111 507
111 110 507
111 112 472
112 111 472
112 113 454
113 112 454
113 114 950
114 113 950
114 115 613
115 114 613
115 116 734
116 115 734
116 117 411
117 116 411
117 118 574
118 117 574
118 119 901
119 118 901
119 120 987
120 119 987
120 121 188
121 120 188
121 122 230
122 121 230
122 123 233
123 122 233
123 124 621
124 123 621
124 125 305
125 124 305
125 126 816
126 125 816
126 127 44
127 126 44
127 128 254
128 127 254
128 129 947
129 128 947
129 130 349
130 129 349
130 131 101
131 130 101
131 132 820
132 131 820
132 133 449
133 132 449
133 134 375
134 133 375
134 135 967
135 134 967
135 136 468
136 135 468
136 137 181
137 136 181
137 138 598
138 137 598
138 139 158
139 138 158
139 140 533
140 139 533
140 141 787
141 140 787
141 142 16
142 141 16
142 143 356
143 142 356
143 144 593
144 143 593
144 145 965
145 144 965
145 146 968
146 145 968
146 147 678
147 146 678
147 148 376
148 147 376
148 149 894
149 148 894
149 150 578
150 149 578
150 151 714
151 150 714
151 152 433
152 151 433
152 153 159
153 152 159
153 154 299
154 153 299
154 155 54
155 154 54
155 156 463
156 155 463
156 157 114
157 156 114
157 158 449
158 157 449
158 159 716
159 158 716
159 160 412
160 159 412
160 161 149
161 160 149
161 162 168
162 161 168
162 163 583
163 162 583
163 164 949
164 163 949
164 165 542
165 164 542
165 166 549
166 165 549
166 167 416
167 166 416
167 168 723
168 167 723
168 169 146
169 168 146
169 170 925
170 169 925
170 171 607
171 170 607
171 172 284
172 171 284
172 173 293
173 172 293
173 174 314
174 173 314
174 175 876
175 174 876
175 176 257
176 175 257
176 177 281
177 176 281
177 178 905
178 177 905
178 179 984
179 178 984
179 180 526
180 179 526
180 181 483
181 180 483
181 182 50
182 181 50
182 183 959
183 182 959
183 184 993
184 183 993
184 185 348
185 184 348
185 186 364
186 185 364
186 187 808
187 186 808
187 188 813
188 187 813
188 189 812
189 188 812
189 190 875
190 189 875
190 191 224
191 190 224
191 192 960
192 191 960
192 193 43
193 192 43
193 194 806
194 193 806
194 195 260
195 194 260
195 196 936
196 195 936
196 197 354
197 196 354
197 198 676
198 197 676
198 199 10
199 198 10
199 200 851
200 199 851
200 201 952
201 200 952
201 202 968
202 201 968
202 203 134
203 202 134
203 204 596
204 203 596
204 205 281
205 204 281
205 206 362
206 205 362
206 207 853
207 206 853
207 208 914
208 207 914
208 209 266
209 208 266
209 210 188
210 209 188
210 211 439
211 210 439
211 212 100
212 211 100
212 213 237
213 212 237
213 214 397
214 213 397
214 215 445
215 214 445
215 216 936
216 215 936
216 217 760
217 216 760
217 218 252
218 217 252
218 219 748
219 218 748
219 220 923
220 219 923
220 221 478
221 220 478
221 222 323
222 221 323
222 223 234
223 222 234
223 224 872
224 223 872
224 225 480
225 224 480
225 226 494
226 225 494
226 227 808
227 226 808
227 228 185
228 227 185
228 229 521
229 228 521
229 230 169
230 229 169
230 231 35
231 230 35
231 232 824
232 231 824
232 233 137
233 232 137
233 234 521
234 233 521
234 235 420
235 234 420
235 236 417
236 235 417
236 237 234
237 236 234
237 238 624
238 237 624
238 239 330
239 238 330
239 240 499
240 239 499
240 241 811
241 240 811
241 242 121
242 241 121
242 243 951
243 242 951
243 244 400
244 243 400
244 245 869
245 244 869
245 246 747
246 245 747
246 247 335
247 246 335
247 248 981
248 247 981
248 249 350
249 248 350
249 250 83
250 249 83
250 251 903
251 250 903
251 252 827
252 251 827
252 253 757
253 252 757
253 254 489
254 253 489
254 255 699
255 254 699
255 256 237
256 255 237
256 257 334
257 256 334
257 258 858
258 257 858
258 259 421
259 258 421
259 260 206
260 259 206
260 261 26
261 260 26
261 262 456
262 261 456
262 263 29
263 262 29
263 264 162
264 263 162
264 265 328
265 264 328
265 266 800
266 265 800
266 267 931
267 266 931
267 268 561
268 267 561
268 269 775
269 268 775
269 270 612
270 269 612
270 271 411
271 270 411
271 272 938
272 271 938
272 273 732
273 272 732
273 274 361
274 273 361
274 275 337
275 274 337
275 276 601
276 275 601
276 277 107
277 276 107
277 278 671
278 277 671
278 279 581
279 278 581
279 280 456
280 279 456
280 281 105
281 280 105
281 282 835
282 281 835
282 283 635
283 282 635
283 284 862
284 283 862
284 285 675
285 284 675
285 286 333
286 285 333
286 287 98
287 286 98
287 288 8
288 287 8
288 289 542
289 288 542
289 290 870
290 289 870
290 291 213
291 290 213
291 292 567
292 291 567
292 293 677
293 292 677
293 294 594
294 293 594
294 295 729
295 294 729
295 296 4
296 295 4
296 297 745
297 296 745
297 298 11
298 297 11
298 299 564
299 298 564
299 300 520
300 299 520
300 301 622
301 300 622
301 302 975
302 301 975
302 303 457
303 302 457
303 304 354
304 303 354
304 305 687
305 304 687
305 306 793
306 305 793
306 307 306
307 306 306
307 308 146
308 307 146
308 309 815
309 308 815
309 310 886
310 309 886
310 311 953
311 310 953
311 312 920
312 311 920
312 313 72
313 312 72
313 314 587
314 313 587
314 315 133
315 314 133
315 316 747
316 315 747
316 317 271
317 316 271
317 318 230
318 317 230
318 319 106
319 318 106
319 320 812
320 319 812
320 321 451
321 320 451
321 322 671
322 321 671
322 323 731
323 322 731
323 324 128
324 323 128
324 325 264
325 324 264
325 326 811
326 325 811
326 327 131
327 326 131
327 328 360
328 327 360
328 329 821
329 328 821
329 330 695
330 329 695
330 331 879
331 330 879
331 332 442
332 331 442
332 333 21
333 332 21
333 334 687
334 333 687
334 335 147
335 334 147
335 336 59
336 335 59
336 337 831
337 336 831
337 338 452
338 337 452
338 339 204
339 338 204
339 340 646
340 339 646
340 341 689
341 340 689
341 342 509
342 341 509
342 343 917
343 342 917
343 344 761
344 343 761
344 345 95
345 344 95
345 346 49
346 345 49
346 347 507
347 346 507
347 348 718
348 347 718
348 349 630
349 348 630
349 350 964
350 349 964
350 351 529
351 350 529
351 352 80
352 351 80
352 353 634
353 352 634
353 354 611
354 353 611
354 355 207
355 354 207
355 356 897
356 355 897
356 357 421
357 356 421
357 358 690
358 357 690
358 359 609
359 358 609
359 360 241
360 359 241
360 361 736
361 360 736
361 362 839
362 361 839
362 363 35
363 362 35
363 364 756
364 363 756
364 365 526
365 364 526
365 366 181
366 365 181
366 367 166
367 366 166
367 368 356
368 367 356
368 369 633
369 368 633
369 370 370
370 369 370
370 371 353
371 370 353
371 372 321
372 371 321
372 373 878
373 372 878
373 374 621
374 373 621
374 375 81
375 374 81
375 376 324
376 375 324
376 377 669
377 376 669
377 378 939
378 377 939
378 379 41
379 378 41
379 380 650
380 379 650
380 381 903
381 380 903
381 382 922
382 381 922
382 383 82
383 382 82
383 384 536
384 383 536
384 385 532
385 384 532
385 386 640
386 385 640
386 387 785
387 386 785
387 388 305
388 387 305
388 389 329
389 388 329
389 390 745
390 389 745
390 391 545
391 390 545
391 392 64
392 391 64
392 393 583
393 392 583
393 394 931
394 393 931
394 395 171
395 394 171
395 396 108
396 395 108
396 397 112
397 396 112
397 398 337
398 397 337
398 399 816
399 398 816
399 400 96
400 399 96
400 401 58
401 400 58
401 402 520
402 401 520
402 403 416
403 402 416
403 404 935
404 403 935
404 405 141
405 404 141
405 406 849
406 405 849
406 407 610
407 406 610
407 408 161
408 407 161
408 409 139
409 408 139
409 410 3
410 409 3
410 411 811
411 410 811
411 412 393
412 411 393
412 413 276
413 412 276
413 414 244
414 413 244
414 415 281
415 414 281
415 416 159
416 415 159
416 417 883
417 416 883
417 418 417
418 417 417
418 419 463
419 418 463
419 420 212
420 419 212
420 421 161
421 420 161
421 422 360
422 421 360
422 423 275
423 422 275
423 424 743
424 423 743
424 425 290
425 424 290
425 426 446
426 425 446
426 427 203
427 426 203
427 428 401
428 427 401
428 429 782
429 428 782
429 430 370
430 429 370
430 431 496
431 430 496
431 432 839
432 431 839
432 433 889
433 432 889
433 434 264
434 433 264
434 435 125
435 434 125
435 436 29
436 435 29
436 437 464
437 436 464
437 438 86
438 437 86
438 439 190
439 438 190
439 440 602
440 439 602
440 441 440
441 440 440
441 442 352
442 441 352
442 443 347
443 442 347
443 444 715
444 443 715
444 445 595
445 444 595
445 446 627
446 445 627
446 447 874
447 446 874
447 448 477
448 447 477
448 449 395
449 448 395
449 450 336
450 449 336
450 451 40
451 450 40
451 452 907
452 451 907
452 453 695
453 452 695
453 454 315
454 453 315
454 455 649
455 454 649
455 456 337
456 455 337
456 457 112
457 456 112
457 458 203
458 457 203
458 459 737
459 458 737
459 460 245
460 459 245
460 461 572
461 460 572
461 462 585
462 461 585
462 463 435
463 462 435
463 464 813
464 463 813
464 465 200
465 464 200
465 466 911
466 465 911
466 467 193
467 466 193
467 468 663
468 467 663
468 469 996
469 468 996
469 470 734
470 469 734
470 471 616
471 470 616
471 472 436
472 471 436
472 473 85
473 472 85
473 474 314
474 473 314
474 475 502
475 474 502
475 476 31
476 475 31
476 477 292
477 476 292
477 478 375
478 477 375
478 479 860
479 478 860
479 480 686
480 479 686
480 481 711
481 480 711
481 482 899
482 481 899
482 483 592
483 482 592
483 484 757
484 483 757
484 485 565
485 484 565
485 486 593
486 485 593
486 487 93
487 486 93
487 488 28
488 487 28
488 489 795
489 488 795
489 490 182
490 489 182
490 491 272
491 490 272
491 492 719
492 491 719
492 493 118
493 492 118
493 494 706
494 493 706
494 495 883
495 494 883
495 496 317
496 495 317
496 497 968
497 496 968
497 498 75
498 497 75
498 499 331
499 498 331
499 500 316
500 499 316
500 501 809
501 500 809
501 502 946
502 501 946
502 503 751
503 502 751
503 504 245
504 503 245
504 505 260
505 504 260
505 506 604
506 505 604
506 507 628
507 506 628
507 508 551
508 507 551
508 509 979
509 508 979
509 510 839
510 509 839
510 511 589
511 510 589
511 512 41
512 511 41
512 513 89
513 512 89
513 514 180
514 513 180
514 515 149
515 514 149
515 516 654
516 515 654
516 517 124
517 516 124
517 518 242
518 517 242
518 519 33
519 518 33
519 520 271
520 519 271
520 521 775
521 520 775
521 522 305
522 521 305
522 523 341
523 522 341
523 524 892
524 523 892
524 525 362
525 524 362
525 526 223
526 525 223
526 527 560
527 526 560
527 528 330
528 527 330
528 529 649
529 528 649
529 530 890
530 529 890
530 531 645
531 530 645
531 532 457
532 531 457
532 533 187
533 532 187
533 534 747
534 533 747
534 535 54
535 534 54
535 536 798
536 535 798
536 537 350
537 536 350
537 538 33
538 537 33
538 539 701
539 538 701
539 540 680
540 539 680
540 541 871
541 540 871
541 542 289
542 541 289
542 543 720
543 542 720
543 544 959
544 543 959
544 545 820
545 544 820
545 546 869
546 545 869
546 547 964
547 546 964
547 548 944
548 547 944
548 549 462
549 548 462
549 550 997
550 549 997
550 551 214
551 550 214
551 552 588
552 551 588
552 553 653
553 552 653
553 554 554
554 553 554
554 555 831
555 554 831
555 556 14
556 555 14
556 557 128
557 556 128
557 558 390
558 557 390
558 559 695
559 558 695
559 560 776
560 559 776
560 561 279
561 560 279
561 562 691
562 561 691
562 563 233
563 562 233
563 564 817
564 563 817
564 565 437
565 564 437
565 566 638
566 565 638
566 567 615
567 566 615
567 568 139
568 567 139
568 569 670
569 568 670
569 570 315
570 569 315
570 571 170
571 570 170
571 572 540
572 571 540
572 573 955
573 572 955
573 574 890
574 573 890
574 575 850
575 574 850
575 576 126
576 575 126
576 577 110
577 576 110
577 578 814
578 577 814
578 579 69
579 578 69
579 580 923
580 579 923
580 581 162
581 580 162
581 582 634
582 581 634
582 583 510
583 582 510
583 584 814
584 583 814
584 585 187
585 584 187
585 586 340
586 585 340
586 587 179
587 586 179
587 588 314
588 587 314
588 589 729
589 588 729
589 590 874
590 589 874
590 591 90
591 590 90
591 592 359
592 591 359
592 593 564
593 592 564
593 594 674
594 593 674
594 595 175
595 594 175
595 596 353
596 595 353
596 597 663
597 596 663
597 598 141
598 597 141
598 599 843
599 598 843
599 600 332
600 599 332
600 601 807
601 600 807
601 602 12
602 601 12
602 603 223
603 602 223
603 604 761
604 603 761
604 605 253
605 604 253
605 606 72
606 605 72
606 607 239
607 606 239
607 608 362
608 607 362
608 609 237
609 608 237
609 610 307
610 609 307
610 611 636
611 610 636
611 612 398
612 611 398
612 613 941
613 612 941
613 614 145
614 613 145
614 615 563
615 614 563
615 616 479
616 615 479
616 617 836
617 616 836
617 618 742
618 617 742
618 619 145
619 618 145
619 620 916
620 619 916
620 621 615
621 620 615
621 622 586
622 621 586
622 623 626
623 622 626
623 624 530
624 623 530
624 625 611
625 624 611
625 626 153
626 625 153
626 627 882
627 626 882
627 628 273
628 627 273
628 629 293
629 628 293
629 630 76
630 629 76
630 631 956
631 630 956
631 632 452
632 631 452
632 633 88
633 632 88
633 634 178
634 633 178
634 635 564
635 634 564
635 636 340
636 635 340
636 637 601
637 636 601
637 638 802
638 637 802
638 639 54
639 638 54
639 640 190
640 639 190
640 641 109
641 640 109
641 642 41
642 641 41
642 643 587
643 642 587
643 644 401
644 643 401
644 645 538
645 644 538
645 646 150
646 645 150
646 647 231
647 646 231
647 648 373
648 647 373
648 649 243
649 648 243
649 650 727
650 649 727
650 651 641
651 650 641
651 652 857
652 651 857
652 653 312
653 652 312
653 654 266
654 653 266
654 655 386
655 654 386
655 656 274
656 655 274
656 657 418
657 656 418
657 658 620
658 657 620
658 659 546
659 658 546
659 660 63
660 659 63
660 661 695
661 660 695
661 662 501
662 661 501
662 663 514
663 662 514
663 664 134
664 663 134
664 665 30
665 664 30
665 666 77
666 665 77
666 667 474
667 666 474
667 668 983
668 667 983
668 669 879
669 668 879
669 670 879
670 669 879
670 671 172
671 670 172
671 672 339
672 671 339
672 673 919
673 672 919
673 674 110
674 673 110
674 675 739
675 674 739
675 676 456
676 675 456
676 677 259
677 676 259
677 678 321
678 677 321
678 679 181
679 678 181
679 680 501
680 679 501
680 681 48
681 680 48
681 682 821
682 681 821
682 683 709
683 682 709
683 684 711
684 683 711
684 685 86
685 684 86
685 686 447
686 685 447
686 687 985
687 686 985
687 688 856
688 687 856
688 689 66
689 688 66
689 690 530
690 689 530
690 691 918
691 690 918
691 692 112
692 691 112
692 693 383
693 692 383
693 694 783
694 693 783
694 695 246
695 694 246
695 696 764
696 695 764
696 697 859
697 696 859
697 698 71
698 697 71
698 699 746
699 698 746
699 700 737
700 699 737
700 701 949
701 700 949
701 702 917
702 701 917
702 703 427
703 702 427
703 704 219
704 703 219
704 705 27
705 704 27
705 706 517
706 705 517
706 707 27
707 706 27
707 708 637
708 707 637
708 709 838
709 708 838
709 710 559
710 709 559
710 711 490
711 710 490
711 712 885
712 711 885
712 713 379
713 712 379
713 714 550
714 713 550
714 715 595
715 714 595
715 716 816
716 715 816
716 717 996
717 716 996
717 718 579
718 717 579
718 719 671
719 718 671
719 720 413
720 719 413
720 721 461
721 720 461
721 722 940
722 721 940
722 723 525
723 722 525
723 724 843
724 723 843
724 725 722
725 724 722
725 726 770
726 725 770
726 727 958
727 726 958
727 728 933
728 727 933
728 729 840
729 728 840
729 730 704
730 729 704
730 731 669
731 730 669
731 732 140
732 731 140
732 733 972
733 732 972
733 734 448
734 733 448
734 735 710
735 734 710
735 736 998
736 735 998
736 737 964
737 736 964
737 738 736
738 737 736
738 739 987
739 738 987
739 740 801
740 739 801
740 741 646
741 740 646
741 742 828
742 741 828
742 743 37
743 742 37
743 744 24
744 743 24
744 745 377
745 744 377
745 746 632
746 745 632
746 747 192
747 746 192
747 748 725
748 747 725
748 749 562
749 748 562
749 750 214
750 749 214
750 751 137
751 750 137
751 752 374
752 751 374
752 753 154
753 752 154
753 754 661
754 753 661
754 755 216
755 754 216
755 756 227
756 755 227
756 757 782
757 756 782
757 758 526
758 757 526
758 759 159
759 758 159
759 760 973
760 759 973
760 761 229
761 760 229
761 762 180
762 761 180
762 763 112
763 762 112
763 764 200
764 763 200
764 765 627
765 764 627
765 766 174
766 765 174
766 767 550
767 766 550
767 768 590
768 767 590
768 769 261
769 768 261
769 770 888
770 769 888
770 771 743
771 770 743
771 772 907
772 771 907
772 773 715
773 772 715
773 774 779
774 773 779
774 775 930
775 774 930
775 776 443
776 775 443
776 777 762
777 776 762
777 778 473
778 777 473
778 779 167
779 778 167
779 780 324
780 779 324
780 781 687
781 780 687
781 782 304
782 781 304
782 783 49
783 782 49
783 784 192
784 783 192
784 785 316
785 784 316
785 786 617
786 785 617
786 787 418
787 786 418
787 788 98
788 787 98
788 789 142
789 788 142
789 790 929
790 789 929
790 791 70
791 790 70
791 792 370
792 791 370
792 793 108
793 792 108
793 794 534
794 793 534
794 795 921
795 794 921
795 796 86
796 795 86
796 797 707
797 796 707
797 798 822
798 797 822
798 799 27
799 798 27
799 800 967
800 799 967
800 801 61
801 800 61
801 802 769
802 801 769
802 803 873
803 802 873
803 804 775
804 803 775
804 805 548
805 804 548
805 806 155
806 805 155
806 807 570
807 806 570
807 808 661
808 807 661
808 809 627
809 808 627
809 810 736
810 809 736
810 811 336
811 810 336
811 812 665
812 811 665
812 813 391
813 812 391
813 814 385
814 813 385
814 815 856
815 814 856
815 816 707
816 815 707
816 817 1
817 816 1
817 818 626
818 817 626
818 819 804
819 818 804
819 820 142
820 819 142
820 821 554
821 820 554
821 822 225
822 821 225
822 823 863
823 822 863
823 824 13
824 823 13
824 825 758
825 824 758
825 826 783
826 825 783
826 827 98
827 826 98
827 828 816
828 827 816
828 829 957
829 828 957
829 830 476
830 829 476
830 831 783
831 830 783
831 832 17
832 831 17
832 833 245
833 832 245
833 834 7
834 833 7
834 835 144
835 834 144
835 836 144
836 835 144
836 837 513
837 836 513
837 838 713
838 837 713
838 839 804
839 838 804
839 840 492
840 839 492
840 841 800
841 840 800
841 842 140
842 841 140
842 843 156
843 842 156
843 844 191
844 843 191
844 845 876
845 844 876
845 846 12
846 845 12
846 847 897
847 846 897
847 848 876
848 847 876
848 849 989
849 848 989
849 850 52
850 849 52
850 851 17
851 850 17
851 852 542
852 851 542
852 853 276
853 852 276
853 854 879
854 853 879
854 855 906
855 854 906
855 856 386
856 855 386
856 857 13
857 856 13
857 858 3
858 857 3
858 859 201
859 858 201
859 860 321
860 859 321
860 861 830
861 860 830
861 862 983
862 861 983
862 863 338
863 862 338
863 864 74
864 863 74
864 865 342
865 864 342
865 866 833
866 865 833
866 867 569
867 866 569
867 868 854
868 867 854
868 869 897
869 868 897
869 870 373
870 869 373
870 871 697
871 870 697
871 872 696
872 871 696
872 873 864
873 872 864
873 874 853
874 873 853
874 875 238
875 874 238
875 876 739
876 875 739
876 877 216
877 876 216
877 878 134
878 877 134
878 879 614
879 878 614
879 880 204
880 879 204
880 881 537
881 880 537
881 882 982
882 881 982
882 883 97
883 882 97
883 884 813
884 883 813
884 885 212
885 884 212
885 886 2
886 885 2
886 887 550
887 886 550
887 888 576
888 887 576
888 889 356
889 888 356
889 890 750
890 889 750
890 891 897
891 890 897
891 892 185
892 891 185
892 893 85
893 892 85
893 894 586
894 893 586
894 895 259
895 894 259
895 896 426
896 895 426
896 897 418
897 896 418
897 898 827
898 897 827
898 899 631
899 898 631
899 0 314
0 899 314
227 60 766
60 227 766
431 198 504
198 431 504
346 83 469
83 346 469
501 20 802
20 501 802
297 384 13
384 297 13
298 433 589
433 298 589
853 682 485
682 853 485
37 266 422
266 37 422
147 343 839
343 147 839
474 126 504
126 474 504
876 353 864
353 876 864
542 836 814
836 542 814
297 282 898
282 297 898
666 783 518
783 666 518
467 180 654
180 467 654
232 530 987
530 232 987
872 483 421
483 872 421
356 520 940
520 356 940
529 668 883
668 529 883
567 294 161
294 567 161
822 322 766
322 822 766
185 864 902
864 185 902
699 262 784
262 699 784
448 80 319
80 448 319
217 599 251
599 217 251
370 831 581
831 370 581
108 803 16
803 108 16
528 311 37
311 528 37
367 840 957
840 367 957
602 559 603
559 602 603
62 481 525
481 62 525
828 719 842
719 828 842
681 570 704
570 681 704
765 118 636
118 765 636
835 387 735
387 835 735
186 757 719
757 186 719
118 17 174
17 118 174
534 545 938
545 534 938
622 65 78
65 622 78
530 719 490
719 530 490
732 833 971
833 732 971
408 813 442
813 408 442
49 595 12
595 49 12
4 512 282
512 4 282
91 447 769
447 91 769
726 685 126
685 726 126
496 804 43
804 496 43
169 438 941
438 169 941
206 212 758
212 206 758
236 742 377
742 236 377
877 626 310
626 877 310
199 134 324
134 199 324
241 236 319
236 241 319
852 292 431
292 852 431
734 384 330
384 734 330
102 262 916
262 102 916
280 758 472
758 280 472
474 79 310
79 474 310
366 338 874
338 366 874
323 626 416
626 323 416
99 603 242
603 99 242
709 802 228
802 709 228
332 143 864
143 332 864
602 148 557
148 602 557
484 882 293
882 484 293
813 136 455
136 813 455
28 468 465
468 28 465
99 43 496
43 99 496
660 409 486
409 660 486
533 733 512
733 533 512
300 884 415
884 300 415
641 693 870
693 641 870
269 177 965
177 269 965
184 831 713
831 184 713
392 415 747
415 392 747
84 329 836
329 84 836
90 409 104
409 90 104
6 509 299
509 6 299
2 321 361
321 2 361
387 855 46
855 387 46
551 307 730
307 551 730
417 49 76
49 417 76
186 370 405
370 186 405
203 554 37
554 203 37
315 99 104
99 315 104
514 183 585
183 514 585
849 326 395
326 849 395
804 332 4
332 804 4
803 386 777
386 803 777
415 826 884
826 415 884
760 477 92
477 760 92
189 894 993
894 189 993
416 233 463
233 416 463
821 436 69
436 821 69
309 803 368
803 309 368
264 417 4
417 264 4
549 418 430
418 549 430
343 323 814
323 343 814
698 278 301
278 698 301
474 693 79
693 474 79
258 553 956
553 258 956
401 794 402
794 401 402
593 363 287
363 593 287
307 336 223
336 307 223
575 697 979
697 575 979
95 61 948
61 95 948
750 610 967
610 750 967
779 105 842
105 779 842
344 803 520
803 344 520
296 430 65
430 296 65
174 688 170
688 174 170
581 241 564
241 581 564
83 834 27
834 83 27
769 241 315
241 769 315
144 868 112
868 144 112
322 115 874
115 322 874
69 865 536
865 69 536
287 796 142
796 287 142
828 241 45
241 828 45
799 537 375
537 799 375
563 712 15
712 563 15
32 393 56
393 32 56
348 528 490
528 348 490
126 450 483
450 126 483
241 594 752
594 241 752
16 566 378
566 16 378
137 584 914
584 137 914
425 480 55
480 425 55
405 721 451
721 405 451
305 411 178
411 305 178
20 275 192
275 20 192
53 720 600
720 53 600
453 349 441
349 453 441
579 799 924
799 579 924
872 545 27
545 872 27
125 561 745
561 125 745
354 750 429
750 354 429
267 275 562
275 267 562
73 681 383
681 73 383
576 138 546
138 576 546
353 158 21
158 353 21
196 263 494
263 196 494
295 716 643
716 295 643
636 396 194
396 636 194
611 368 39
368 611 39
189 545 752
545 189 752
333 0 502
0 333 502
214 319 130
319 214 130
575 445 963
445 575 963
809 173 201
173 809 201
607 526 459
526 607 459
627 774 523
774 627 523
520 222 739
222 520 739
814 10 187
10 814 187
159 621 908
621 159 908
49 862 53
862 49 53
500 295 705
295 500 705
854 561 777
561 854 777
583 288 674
288 583 674
197 198 847
198 197 847
797 857 825
857 797 825
707 584 799
584 707 799
829 257 721
257 829 721
820 223 31
223 820 31
358 435 4
435 358 4
265 484 666
484 265 666
770 137 114
137 770 114
374 91 127
91 374 127
402 726 916
726 402 916
875 23 566
23 875 566
621 872 623
872 621 623
45 679 459
679 45 459
244 661 568
661 244 568
716 633 592
633 716 592
299 91 779
91 299 779
554 357 463
357 554 463
772 279 100
279 772 100
385 653 543
653 385 543
611 156 921
156 611 921
226 131 196
131 226 196
143 805 568
805 143 568
865 850 200
850 865 200
424 246 261
246 424 261
291 115 194
115 291 194
434 414 537
414 434 537
112 120 846
120 112 846
275 892 525
892 275 525
626 377 631
377 626 631
221 141 587
141 221 587
593 419 770
419 593 770
89 563 675
563 89 675
508 528 478
528 508 478
759 104 624
104 759 624
771 396 539
396 771 539
516 830 605
830 516 605
353 95 826
95 353 826
598 370 218
370 598 218
223 148 248
148 223 248
553 421 41
421 553 41
191 115 160
115 191 160
12 256 875
256 12 875
587 816 456
816 587 456
264 728 360
728 264 360
239 599 508
599 239 508
278 216 491
216 278 491
834 621 86
621 834 86
559 319 108
319 559 108
277 594 8
594 277 8
476 299 330
299 476 330
816 542 697
542 816 697
727 555 305
555 727 305
354 294 721
294 354 721
509 610 201
610 509 201
820 1 301
1 820 301
680 279 269
279 680 269
470 266 290
266 470 290
407 825 561
825 407 561
714 254 608
254 714 608
321 730 59
730 321 59
402 698 502
698 402 502
598 526 409
526 598 409
202 880 455
880 202 455
675 541 765
541 675 765
75 461 666
461 75 666
127 293 698
293 127 698
395 763 464
763 395 464
436 322 141
322 436 141
797 136 596
136 797 596
4 510 426
510 4 426
462 12 377
12 462 377
615 663 903
663 615 903
423 17 583
17 423 583
577 692 576
692 577 576
493 820 889
820 493 889
411 99 383
99 411 383
660 495 898
495 660 898
275 83 521
83 275 521
715 880 709
880 715 709
562 36 119
36 562 119
240 551 784
551 240 784
616 266 47
266 616 47
618 742 564
742 618 564
652 471 409
471 652 409
327 117 781
117 327 781
515 528 980
528 515 980
97 340 627
340 97 627
495 615 11
615 495 11
367 482 43
482 367 43
375 145 980
145 375 980
894 385 583
385 894 583
577 153 649
153 577 649
75 771 643
771 75 643
490 575 315
575 490 315
750 2 132
2 750 132
30 569 112
569 30 112
362 719 952
719 362 952
340 366 819
366 340 819
402 733 853
733 402 853
497 208 298
208 497 298
628 254 635
254 628 635
410 883 888
883 410 888
510 58 311
58 510 311
453 601 486
601 453 486
867 451 340
451 867 340
550 482 410
482 550 410
761 896 429
896 761 429
464 388 295
388 464 295
782 791 880
791 782 880
786 388 188
388 786 188
884 116 43
116 884 43
570 578 578
578 570 578
410 188 137
188 410 137
172 641 338
641 172 338
458 660 941
660 458 941
849 310 375
310 849 375
10 171 971
171 10 971
738 687 412
687 738 412
621 802 764
802 621 764
508 342 304
342 508 304
544 510 698
510 544 698
214 188 275
188 214 275
676 428 763
428 676 763
849 170 452
170 849 452
459 830 393
830 459 393
460 293 767
293 460 767
471 516 90
516 471 90
361 304 501
304 361 501
446 25 503
25 446 503
661 533 697
533 661 697
264 229 959
229 264 959
461 496 99
496 461 99
336 272 927
272 336 927
898 273 249
273 898 249
50 784 832
784 50 832
94 345 925
345 94 925
560 868 241
868 560 241
649 329 797
329 649 797
749 775 723
775 749 723
803 537 408
537 803 408
351 801 838
801 351 838
409 415 334
415 409 334
707 751 458
751 707 458
586 801 84
801 586 84
634 3 568
3 634 568
665 97 665
97 665 665
141 710 833
710 141 833
82 511 663
511 82 663
430 361 390
361 430 390
752 316 779
316 752 779
812 720 133
720 812 133
201 229 148
229 201 148
86 89 451
89 86 451
295 675 452
675 295 452
778 461 308
461 778 308
298 279 57
279 298 57
162 420 467
420 162 467
47 554 979
554 47 979
209 85 92
85 209 92
350 889 660
889 350 660
129 801 380
801 129 380
761 154 562
154 761 562
8 240 951
240 8 951
110 536 178
536 110 178
61 466 491
466 61 491
120 764 370
764 120 370
277 79 443
79 277 443
295 126 597
126 295 597
825 387 334
387 825 334
868 737 24
737 868 24
380 18 777
18 380 777
559 779 432
779 559 432
172 839 24
839 172 24
722 49 12
49 722 12
251 163 479
163 251 479
294 335 695
335 294 695
563 664 974
664 563 974
405 112 852
112 405 852
854 37 639
37 854 639
487 58 429
58 487 429
110 438 999
438 110 999
639 149 779
149 639 779
422 322 970
322 422 970
445 196 672
196 445 672
209 500 687
500 209 687
439 794 322
794 439 322
533 457 987
457 533 987
759 15 499
15 759 499
210 21 188
21 210 188
101 508 146
508 101 146
781 671 736
671 781 736
579 410 986
410 579 986
309 832 160
832 309 160
31 429 856
429 31 856
702 690 956
690 702 956
688 229 950
229 688 950
161 815 560
815 161 560
247 674 227
674 247 227
497 36 548
36 497 548
837 189 208
189 837 208
282 122 231
122 282 231
270 702 41
702 270 41
163 624 367
624 163 367
246 206 222
206 246 222
48 896 530
896 48 530
788 278 479
278 788 479
102 193 390
193 102 390
401 19 968
19 401 968
899 55 867
55 899 867
836 245 75
245 836 75
270 419 657
419 270 657
592 221 50
221 592 50
99 437 526
437 99 526
65 683 32
683 65 32
739 784 581
784 739 581
768 724 959
724 768 959
98 826 352
826 98 352
140 328 271
328 140 271
7 379 78
379 7 78
674 367 775
367 674 775
0 689 495
689 0 495
508 382 368
382 508 368
757 481 657
481 757 657
783 599 241
599 783 241
114 438 77
438 114 77
446 358 401
358 446 401
104 456 180
456 104 180
7 648 308
648 7 308
829 656 939
656 829 939
859 482 6
482 859 6
233 534 995
534 233 995
79 142 777
142 79 777
147 0 911
0 147 911
703 783 410
783 703 410
195 49 200
49 195 200
471 496 458
496 471 458
624 652 366
652 624 366
703 712 315
712 703 315
262 693 623
693 262 623
200 652 157
652 200 157
557 38 343
38 557 343
703 117 485
117 703 485
332 316 337
316 332 337
442 172 72
172 442 72
303 367 74
367 303 74
654 891 922
891 654 922
463 615 574
615 463 574
728 470 438
470 728 438
794 732 432
732 794 432
668 84 336
84 668 336
124 693 574
693 124 574
166 496 992
496 166 992
403 828 660
828 403 660
691 370 532
370 691 532
863 725 200
725 863 200
288 479 91
479 288 91
209 42 958
42 209 958
834 823 628
823 834 628
372 769 112
769 372 112
655 538 996
538 655 996
690 714 989
714 690 989
816 33 85
33 816 85
107 488 766
488 107 766
718 279 236
279 718 236
550 294 314
294 550 314
801 582 493
582 801 493
91 791 288
791 91 288
100 778 63
778 100 63
527 250 132
250 527 132
838 57 822
57 838 822
385 799 937
799 385 937
573 715 522
715 573 522
409 874 710
874 409 710
174 693 189
693 174 189
362 343 384
343 362 384
375 244 718
244 375 718
19 387 762
387 19 762
658 487 440
487 658 440
320 166 542
166 320 542
804 104 851
104 804 851
25 489 350
489 25 350
13 214 966
214 13 966
34 623 40
623 34 40
543 850 233
850 543 233
484 364 428
364 484 428
719 739 824
739 719 824
688 810 511
810 688 511
549 569 150
569 549 150
288 41 16
41 288 16
381 845 220
845 381 220
531 23 461
23 531 461
581 88 375
88 581 375
498 123 751
123 498 751
337 718 353
718 337 353
22 354 417
354 22 417
101 225 608
225 101 608
425 14 770
14 425 770
287 563 191
563 287 191
637 4 933
4 637 933
304 437 830
437 304 830
76 69 705
69 76 705
336 702 494
702 336 494
863 300 69
300 863 69
265 637 139
637 265 139
517 711 246
711 517 246
285 813 771
813 285 771
792 338 785
338 792 785
361 677 401
677 361 401
552 466 705
466 552 705
836 771 942
771 836 942
217 899 963
899 217 963
522 387 765
387 522 765
67 350 665
350 67 665
635 667 55
667 635 55
225 336 166
336 225 166
170 621 779
621 170 779
341 565 69
565 341 69
577 79 899
79 577 899
477 683 65
683 477 65
433 619 288
619 433 288
827 836 787
836 827 787
441 510 375
510 441 375
706 577 777
577 706 777
422 312 745
312 422 745
776 590 981
590 776 981
94 760 255
760 94 255
172 253 820
253 172 820
693 831 799
831 693 799
143 460 382
460 143 382
7 46 853
46 7 853
747 873 42
873 747 42
533 414 652
414 533 652
759 272 530
272 759 530
436 695 94
695 436 94
832 623 484
623 832 484
664 717 297
717 664 297
218 42 950
42 218 950
390 787 933
787 390 933
588 30 646
30 588 646
622 89 792
89 622 792
426 836 17
836 426 17
167 470 931
470 167 931
419 381 356
381 419 356
348 869 603
869 348 603
693 801 726
801 693 726
729 618 596
618 729 596
625 836 638
836 625 638
826 326 977
326 826 977
59 67 807
67 59 807
704 741 896
741 704 896
547 267 533
267 547 533
363 435 855
435 363 855
645 854 236
854 645 236
300 354 158
354 300 158
754 199 11
199 754 11
880 28 129
28 880 129
27 653 118
653 27 118
116 580 796
580 116 796
92 691 315
691 92 315
98 547 56
547 98 56
193 194 224
194 193 224
277 557 211
557 277 211
831 302 317
302 831 317
19 655 423
655 19 423
128 509 622
509 128 622
138 541 751
541 138 751
767 568 456
568 767 456
536 684 336
684 536 336
631 828 379
828 631 379
846 26 878
26 846 878
53 272 272
272 53 272
428 549 281
549 428 281
338 533 836
533 338 836
254 604 291
604 254 291
628 732 952
732 628 952
250 870 194
870 250 194
800 789 314
789 800 314
255 425 951
425 255 951
343 157 79
157 343 79
273 155 506
155 273 506
751 208 478
208 751 478
574 637 879
637 574 879
107 75 212
75 107 212
842 382 416
382 842 416
110 299 836
299 110 836
412 270 29
270 412 29
364 159 343
159 364 343
620 637 645
637 620 645
115 846 723
846 115 723
440 101 228
101 440 228
343 309 57
309 343 57
18 98 288
98 18 288
125 226 499
226 125 499
119 660 267
660 119 267
603 822 266
822 603 266
338 335 888
335 338 888
767 699 300
699 767 300
761 471 137
471 761 137
105 638 183
638 105 183
527 179 536
179 527 536
307 522 997
522 307 997
615 592 296
592 615 296
202 769 722
769 202 722
553 888 234
888 553 234
471 591 156
591 471 156
688 30 491
30 688 491
276 849 991
849 276 991
127 710 862
710 127 862
563 867 353
867 563 353
97 494 32
494 97 32
684 853 106
853 684 106
680 569 999
569 680 999
827 823 820
823 827 820
300 476 109
476 300 109
433 47 100
47 433 100
489 788 982
788 489 982
879 164 431
164 879 431
221 343 493
343 221 493
883 6 460
6 883 460
487 155 407
155 487 407
218 839 560
839 218 560
523 671 681
671 523 681
573 599 705
599 573 705
493 899 833
899 493 833
453 433 333
433 453 333
104 22 821
22 104 821
686 53 537
53 686 537
316 275 780
275 316 780
761 310 38
310 761 38
220 797 493
797 220 493
226 167 384
167 226 384
238 742 355
742 238 355
818 416 406
416 818 406
474 61 258
61 474 258
607 566 791
566 607 791
839 670 865
670 839 865
111 508 970
508 111 970
447 825 745
825 447 745
278 738 107
738 278 107
115 58 704
58 115 704
159 285 271
285 159 271
194 575 914
575 194 914
0 493 982
493 0 982
406 120 295
120 406 295
863 727 313
727 863 313
5 718 783
718 5 783
121 881 392
881 121 392
290 428 569
428 290 569
787 758 807
758 787 807
693 873 565
873 693 565
549 184 602
184 549 602
571 378 477
378 571 477
436 378 223
378 436 223
717 836 543
836 717 543
263 799 622
799 263 622
375 856 440
856 375 440
310 77 521
77 310 521
701 420 401
420 701 401
221 307 211
307 221 211
479 152 284
152 479 284
795 701 520
701 795 520
497 373 598
373 497 598
825 809 928
809 825 928
799 679 565
679 799 565
841 42 116
42 841 116
762 470 373
470 762 373
553 832 902
832 553 902
325 685 322
685 325 322
577 6 81
6 577 81
687 485 934
485 687 934
822 380 935
380 822 935
241 29 60
29 241 60
90 7 870
7 90 870
370 806 49
806 370 49
534 800 243
800 534 243
701 714 765
714 701 765
825 368 397
368 825 397
179 745 882
745 179 882
852 475 140
475 852 140
33 262 625
262 33 625
318 237 958
237 318 958
404 530 739
530 404 739
864 673 446
673 864 446
333 143 5
143 333 5
533 729 605
729 533 605
827 530 219
530 827 219
692 508 639
508 692 639
540 687 385
687 540 385
122 639 560
639 122 560
713 724 374
724 713 374
890 142 463
142 890 463
547 393 838
393 547 838
563 166 284
166 563 284
896 361 640
361 896 640
581 190 244
190 581 244
508 772 814
772 508 814
352 380 453
380 352 453
893 219 189
219 893 189
167 859 100
859 167 100
880 735 825
735 880 825
870 878 288
878 870 288
569 577 281
577 569 281
7 240 899
240 7 899
142 288 460
288 142 460
881 869 550
869 881 550
376 529 574
529 376 574
189 882 255
882 189 255
793 27 974
27 793 974
181 194 85
194 181 85
680 226 21
226 680 21
805 249 851
249 805 851
844 818 580
818 844 580
324 877 272
877 324 272
74 171 860
171 74 860
133 204 381
204 133 381
434 580 410
580 434 410
607 770 344
770 607 344
313 663 271
663 313 271
187 897 217
897 187 217
123 729 644
729 123 644
743 634 693
634 743 693
545 578 463
578 545 463
24 54 793
54 24 793
695 128 964
128 695 964
806 313 969
313 806 969
886 799 401
799 886 401
648 559 723
559 648 723
443 872 739
872 443 739
214 211 636
211 214 636
282 335 865
335 282 865
525 230 252
230 525 252
169 776 82
776 169 82
684 852 637
852 684 637
276 700 517
700 276 517
91 606 183
606 91 183
111 645 534
645 111 534
712 445 793
445 712 793
334 888 566
888 334 566
724 254 529
254 724 529
159 537 416
537 159 416
324 214 247
214 324 247
327 436 575
436 327 575
8 220 627
220 8 627
696 548 379
548 696 379
665 639 986
639 665 986
99 803 883
803 99 883
332 667 128
667 332 128
225 153 768
153 225 768
142 878 75
878 142 75
322 137 912
137 322 912
838 513 978
513 838 978
684 892 614
892 684 614
458 1 986
1 458 986
236 749 534
749 236 534
715 514 926
514 715 926
52 613 481
613 52 481
34 98 248
98 34 248
513 323 301
323 513 301
80 517 379
517 80 379
854 839 469
839 854 469
417 777 434
777 417 434
247 613 527
613 247 527
512 223 828
223 512 828
98 512 29
512 98 29
283 379 944
379 283 944
260 431 809
431 260 809
140 517 159
517 140 159
739 130 434
130 739 434
540 262 551
262 540 551
370 269 743
269 370 743
338 738 72
738 338 72
872 85 786
85 872 786
498 598 161
598 498 161
177 748 473
748 177 473
605 183 452
183 605 452
700 444 435
444 700 435
561 636 304
636 561 304
519 476 186
476 519 186
853 116 849
116 853 849
855 538 70
538 855 70
797 29 408
29 797 408
721 53 546
53 721 546
358 603 96
603 358 96
218 780 396
780 218 396
643 537 979
537 643 979
546 390 123
390 546 123
881 51 660
51 881 660
36 622 188
622 36 188
222 575 656
575 222 656
670 583 794
583 670 794
591 480 775
480 591 775
353 327 196
327 353 196
711 30 291
30 711 291
30 862 38
862 30 38
673 552 17
552 673 17
371 42 491
42 371 491
404 145 502
145 404 502
441 767 689
767 441 689
663 495 344
495 663 344
485 178 490
178 485 490
176 710 264
710 176 264
526 164 592
164 526 592
722 875 274
875 722 274
564 5 237
5 564 237
854 730 841
730 854 841
770 202 983
202 770 983
860 658 480
658 860 480
14 199 547
199 14 547
402 862 242
862 402 242
498 447 820
447 498 820
787 675 631
675 787 631
450 302 95
302 450 95
493 176 122
176 493 122
567 792 728
792 567 728
655 746 510
746 655 510
447 668 464
668 447 464
229 681 723
681 229 723
208 695 722
695 208 722
106 197 437
197 106 437
500 695 336
695 500 336
119 634 312
634 119 312
501 185 366
185 501 366
147 730 694
730 147 694
669 449 938
449 669 938
348 256 137
256 348 137
809 703 305
703 809 305
573 84 286
84 573 286
147 344 581
344 147 581
820 451 231
451 820 231
556 51 578
51 556 578
792 222 113
222 792 113
855 776 450
776 855 450
372 75 180
75 372 180
65 744 930
744 65 930
654 244 638
244 654 638
190 206 442
206 190 442
447 779 26
779 447 26
432 78 871
78 432 871
265 898 874
898 265 874
347 607 277
607 347 277
224 551 899
551 224 899
788 506 75
506 788 75
637 30 251
30 637 251
369 147 547
147 369 547
550 801 44
801 550 44
87 92 250
92 87 250
380 591 981
591 380 981
706 175 959
175 706 959
528 440 609
440 528 609
853 839 16
839 853 16
329 216 867
216 329 867
27 104 825
104 27 825
554 794 255
794 554 255
256 263 202
263 256 202
754 865 956
865 754 956
649 52 300
52 649 300
698 485 891
485 698 891
678 291 366
291 678 366
788 871 659
