0 1 353
1 0 353
1 2 845
2 1 845
2 3 21
3 2 21
3 4 730
4 3 730
4 5 915
5 4 915
5 6 35
6 5 35
6 7 638
7 6 638
7 8 806
8 7 806
8 9 37
9 8 37
9 10 956
10 9 956
10 11 177
11 10 177
11 12 898
12 11 898
12 13 15
13 12 15
13 14 969
14 13 969
14 15 824
15 14 824
15 16 761
16 15 761
16 17 183
17 16 183
17 18 940
18 17 940
18 19 874
19 18 874
19 20 52
20 19 52
20 21 44
21 20 44
21 22 633
22 21 633
22 23 252
23 22 252
23 24 950
24 23 950
24 25 730
25 24 730
25 26 754
26 25 754
26 27 420
27 26 420
27 28 108
28 27 108
28 29 547
29 28 547
29 30 790
30 29 790
30 31 805
31 30 805
31 32 900
32 31 900
32 33 986
33 32 986
33 34 825
34 33 825
34 35 629
35 34 629
35 36 900
36 35 900
36 37 859
37 36 859
37 38 618
38 37 618
38 39 705
39 38 705
39 40 895
40 39 895
40 41 573
41 40 573
41 42 233
42 41 233
42 43 792
43 42 792
43 44 939
44 43 939
44 45 201
45 44 201
45 46 967
46 45 967
46 47 700
47 46 700
47 48 735
48 47 735
48 49 906
49 48 906
49 50 925
50 49 925
50 51 786
51 50 786
51 52 950
52 51 950
52 53 557
53 52 557
53 54 390
54 53 390
54 55 251
55 54 251
55 56 286
56 55 286
56 57 495
57 56 495
57 58 22
58 57 22
58 59 745
59 58 745
59 60 42
60 59 42
60 61 163
61 60 163
61 62 549
62 61 549
62 63 941
63 62 941
63 64 148
64 63 148
64 65 725
65 64 725
65 66 569
66 65 569
66 67 399
67 66 399
67 68 583
68 67 583
68 69 186
69 68 186
69 70 103
70 69 103
70 71 830
71 70 830
71 72 111
72 71 111
72 73 335
73 72 335
73 74 973
74 73 973
74 75 49
75 74 49
75 76 535
76 75 535
76 77 940
77 76 940
77 78 748
78 77 748
78 79 269
79 78 269
79 80 197
80 79 197
80 81 24
81 80 24
81 82 407
82 81 407
82 83 498
83 82 498
83 84 580
84 83 580
84 85 148
85 84 148
85 86 749
86 85 749
86 87 218
87 86 218
87 88 642
88 87 642
88 89 770
89 88 770
89 90 962
90 89 962
90 91 683
91 90 683
91 92 285
92 91 285
92 93 511
93 92 511
93 94 975
94 93 975
94 95 432
95 94 432
95 96 235
96 95 235
96 97 543
97 96 543
97 98 831
98 97 831
98 99 170
99 98 170
99 100 81
100 99 81
100 101 285
101 100 285
101 102 351
102 101 351
102 103 191
103 102 191
103 104 972
104 103 972
104 105 323
105 104 323
105 106 591
106 105 591
106 107 858
107 106 858
107 108 614
108 107 614
108 109 691
109 108 691
109 110 479
110 109 479
110 111 811
111 110 811
111 112 714
112 111 714
112 113 237
113 112 237
113 114 660
114 113 660
114 115 294
115 114 294
115 116 384
116 115 384
116 117 408
117 116 408
117 118 511
118 117 511
118 119 25
119 118 25
119 120 530
120 119 530
120 121 824
121 120 824
121 122 60
122 121 60
122 123 814
123 122 814
123 124 334
124 123 334
124 125 34
125 124 34
125 126 597
126 125 597
126 127 921
127 126 921
127 128 929
128 127 929
128 129 427
129 128 427
129 130 90
130 129 90
130 131 9
131 130 9
131 132 64
132 131 64
132 133 440
133 132 440
133 134 551
134 133 551
134 135 35
135 134 35
135 136 114
136 135 114
136 137 493
137 136 493
137 138 244
138 137 244
138 139 728
139 138 728
139 140 183
140 139 183
140 141 722
141 140 722
141 142 890
142 141 890
142 143 897
143 142 897
143 144 958
144 143 958
144 145 549
145 144 549
145 146 542
146 145 542
146 147 693
147 146 693
147 148 309
148 147 309
148 149 404
149 148 404
149 150 70
150 149 70
150 151 838
151 150 838
151 152 227
152 151 227
152 153 129
153 152 129
153 154 3
154 153 3
154 155 561
155 154 561
155 156 514
156 155 514
156 157 951
157 156 951
157 158 481
158 157 481
158 159 442
159 158 442
159 160 378
160 159 378
160 161 922
161 160 922
161 162 802
162 161 802
162 163 793
163 162 793
163 164 713
164 163 713
164 165 704
165 164 704
165 166 179
166 165 179
166 167 826
167 166 826
167 168 197
168 167 197
168 169 422
169 168 422
169 170 905
170 169 905
170 171 379
171 170 379
171 172 496
172 171 496
172 173 794
173 172 794
173 174 627
174 173 627
174 175 805
175 174 805
175 176 695
176 175 695
176 177 168
177 176 168
177 178 498
178 177 498
178 179 3
179 178 3
179 180 571
180 179 571
180 181 919
181 180 919
181 182 192
182 181 192
182 183 798
183 182 798
183 184 47
184 183 47
184 185 546
185 184 546
185 186 710
186 185 710
186 187 560
187 186 560
187 188 496
188 187 496
188 189 542
189 188 542
189 190 354
190 189 354
190 191 225
191 190 225
191 192 463
192 191 463
192 193 155
193 192 155
193 194 17
194 193 17
194 195 527
195 194 527
195 196 859
196 195 859
196 197 547
197 196 547
197 198 352
198 197 352
198 199 55
199 198 55
199 200 969
200 199 969
200 201 257
201 200 257
201 202 785
202 201 785
202 203 816
203 202 816
203 204 402
204 203 402
204 205 412
205 204 412
205 206 972
206 205 972
206 207 448
207 206 448
207 208 931
208 207 931
208 209 821
209 208 821
209 210 450
210 209 450
210 211 502
211 210 502
211 212 739
212 211 739
212 213 993
213 212 993
213 214 651
214 213 651
214 215 785
215 214 785
215 216 538
216 215 538
216 217 360
217 216 360
217 218 697
218 217 697
218 219 386
219 218 386
219 220 901
220 219 901
220 221 50
221 220 50
221 222 610
222 221 610
222 223 715
223 222 715
223 224 204
224 223 204
224 225 979
225 224 979
225 226 241
226 225 241
226 227 414
227 226 414
227 228 525
228 227 525
228 229 944
229 228 944
229 230 820
230 229 820
230 231 845
231 230 845
231 232 552
232 231 552
232 233 605
233 232 605
233 234 660
234 233 660
234 235 954
235 234 954
235 236 368
236 235 368
236 237 632
237 236 632
237 238 753
238 237 753
238 239 650
239 238 650
239 240 452
240 239 452
240 241 203
241 240 203
241 242 503
242 241 503
242 243 543
243 242 543
243 244 547
244 243 547
244 245 153
245 244 153
245 246 327
246 245 327
246 247 437
247 246 437
247 248 864
248 247 864
248 249 23
249 248 23
249 250 822
250 249 822
250 251 764
251 250 764
251 252 424
252 251 424
252 253 783
253 252 783
253 254 830
254 253 830
254 255 628
255 254 628
255 256 761
256 255 761
256 257 70
257 256 70
257 258 393
258 257 393
258 259 638
259 258 638
259 260 14
260 259 14
260 261 213
261 260 213
261 262 482
262 261 482
262 263 565
263 262 565
263 264 169
264 263 169
264 265 494
265 264 494
265 266 870
266 265 870
266 267 888
267 266 888
267 268 477
268 267 477
268 269 623
269 268 623
269 270 537
270 269 537
270 271 280
271 270 280
271 272 177
272 271 177
272 273 40
273 272 40
273 274 822
274 273 822
274 275 75
275 274 75
275 276 544
276 275 544
276 277 501
277 276 501
277 278 511
278 277 511
278 279 408
279 278 408
279 280 875
280 279 875
280 281 684
281 280 684
281 282 523
282 281 523
282 283 299
283 282 299
283 284 467
284 283 467
284 285 353
285 284 353
285 286 278
286 285 278
286 287 579
287 286 579
287 288 774
288 287 774
288 289 670
289 288 670
289 290 216
290 289 216
290 291 139
291 290 139
291 292 882
292 291 882
292 293 50
293 292 50
293 294 704
294 293 704
294 295 402
295 294 402
295 296 895
296 295 895
296 297 925
297 296 925
297 298 289
298 297 289
298 299 371
299 298 371
299 300 899
300 299 899
300 301 178
301 300 178
301 302 2
302 301 2
302 303 427
303 302 427
303 304 217
304 303 217
304 305 176
305 304 176
305 306 502
306 305 502
306 307 112
307 306 112
307 308 676
308 307 676
308 309 364
309 308 364
309 310 519
310 309 519
310 311 550
311 310 550
311 312 48
312 311 48
312 313 42
313 312 42
313 314 848
314 313 848
314 315 866
315 314 866
315 316 746
316 315 746
316 317 125
317 316 125
317 318 444
318 317 444
318 319 519
319 318 519
319 320 795
320 319 795
320 321 12
321 320 12
321 322 658
322 321 658
322 323 28
323 322 28
323 324 413
324 323 413
324 325 713
325 324 713
325 326 782
326 325 782
326 327 307
327 326 307
327 328 989
328 327 989
328 329 70
329 328 70
329 330 29
330 329 29
330 331 888
331 330 888
331 332 247
332 331 247
332 333 382
333 332 382
333 334 314
334 333 314
334 335 815
335 334 815
335 336 557
336 335 557
336 337 167
337 336 167
337 338 279
338 337 279
338 339 232
339 338 232
339 340 531
340 339 531
340 341 797
341 340 797
341 342 134
342 341 134
342 343 578
343 342 578
343 344 190
344 343 190
344 345 981
345 344 981
345 346 795
346 345 795
346 347 935
347 346 935
347 348 458
348 347 458
348 349 590
349 348 590
349 350 806
350 349 806
350 351 604
351 350 604
351 352 953
352 351 953
352 353 463
353 352 463
353 354 983
354 353 983
354 355 365
355 354 365
355 356 527
356 355 527
356 357 764
357 356 764
357 358 23
358 357 23
358 359 515
359 358 515
359 360 186
360 359 186
360 361 403
361 360 403
361 362 754
362 361 754
362 363 784
363 362 784
363 364 785
364 363 785
364 365 420
365 364 420
365 366 951
366 365 951
366 367 341
367 366 341
367 368 586
368 367 586
368 369 229
369 368 229
369 370 925
370 369 925
370 371 468
371 370 468
371 372 25
372 371 25
372 373 58
373 372 58
373 374 45
374 373 45
374 375 567
375 374 567
375 376 390
376 375 390
376 377 191
377 376 191
377 378 501
378 377 501
378 379 847
379 378 847
379 380 781
380 379 781
380 381 658
381 380 658
381 382 802
382 381 802
382 383 733
383 382 733
383 384 120
384 383 120
384 385 785
385 384 785
385 386 450
386 385 450
386 387 998
387 386 998
387 388 900
388 387 900
388 389 472
389 388 472
389 390 865
390 389 865
390 391 85
391 390 85
391 392 875
392 391 875
392 393 618
393 392 618
393 394 869
394 393 869
394 395 659
395 394 659
395 396 389
396 395 389
396 397 819
397 396 819
397 398 351
398 397 351
398 399 975
399 398 975
399 400 47
400 399 47
400 401 275
401 400 275
401 402 442
402 401 442
402 403 423
403 402 423
403 404 684
404 403 684
404 405 839
405 404 839
405 406 989
406 405 989
406 407 74
407 406 74
407 408 29
408 407 29
408 409 842
409 408 842
409 410 272
410 409 272
410 411 161
411 410 161
411 412 499
412 411 499
412 413 74
413 412 74
413 414 894
414 413 894
414 415 971
415 414 971
415 416 210
416 415 210
416 417 343
417 416 343
417 418 968
418 417 968
418 419 461
419 418 461
419 420 166
420 419 166
420 421 184
421 420 184
421 422 546
422 421 546
422 423 40
423 422 40
423 424 802
424 423 802
424 425 766
425 424 766
425 426 50
426 425 50
426 427 542
427 426 542
427 428 936
428 427 936
428 429 753
429 428 753
429 430 516
430 429 516
430 431 982
431 430 982
431 432 379
432 431 379
432 433 310
433 432 310
433 434 756
434 433 756
434 435 63
435 434 63
435 436 500
436 435 500
436 437 97
437 436 97
437 438 136
438 437 136
438 439 880
439 438 880
439 440 938
440 439 938
440 441 759
441 440 759
441 442 41
442 441 41
442 443 788
443 442 788
443 444 832
444 443 832
444 445 286
445 444 286
445 446 758
446 445 758
446 447 393
447 446 393
447 448 980
448 447 980
448 449 78
449 448 78
449 450 854
450 449 854
450 451 145
451 450 145
451 452 261
452 451 261
452 453 751
453 452 751
453 454 537
454 453 537
454 455 414
455 454 414
455 456 868
456 455 868
456 457 938
457 456 938
457 458 956
458 457 956
458 459 803
459 458 803
459 460 690
460 459 690
460 461 823
461 460 823
461 462 136
462 461 136
462 463 69
463 462 69
463 464 484
464 463 484
464 465 891
465 464 891
465 466 483
466 465 483
466 467 983
467 466 983
467 468 987
468 467 987
468 469 618
469 468 618
469 470 863
470 469 863
470 471 276
471 470 276
471 472 376
472 471 376
472 473 255
473 472 255
473 474 64
474 473 64
474 475 560
475 474 560
475 476 540
476 475 540
476 477 821
477 476 821
477 478 304
478 477 304
478 479 519
479 478 519
479 480 250
480 479 250
480 481 509
481 480 509
481 482 15
482 481 15
482 483 511
483 482 511
483 484 611
484 483 611
484 485 551
485 484 551
485 486 276
486 485 276
486 487 478
487 486 478
487 488 489
488 487 489
488 489 231
489 488 231
489 490 280
490 489 280
490 491 530
491 490 530
491 492 406
492 491 406
492 493 415
493 492 415
493 494 950
494 493 950
494 495 889
495 494 889
495 496 658
496 495 658
496 497 432
497 496 432
497 498 224
498 497 224
498 499 644
499 498 644
499 500 401
500 499 401
500 501 86
501 500 86
501 502 920
502 501 920
502 503 777
503 502 777
503 504 340
504 503 340
504 505 983
505 504 983
505 506 688
506 505 688
506 507 231
507 506 231
507 508 155
508 507 155
508 509 991
509 508 991
509 510 101
510 509 101
510 511 405
511 510 405
511 512 852
512 511 852
512 513 115
513 512 115
513 514 267
514 513 267
514 515 462
515 514 462
515 516 666
516 515 666
516 517 542
517 516 542
517 518 940
518 517 940
518 519 506
519 518 506
519 520 125
520 519 125
520 521 571
521 520 571
521 522 387
522 521 387
522 523 882
523 522 882
523 524 986
524 523 986
524 525 337
525 524 337
525 526 770
526 525 770
526 527 643
527 526 643
527 528 120
528 527 120
528 529 993
529 528 993
529 530 638
530 529 638
530 531 521
531 530 521
531 532 430
532 531 430
532 533 909
533 532 909
533 534 649
534 533 649
534 535 121
535 534 121
535 536 243
536 535 243
536 537 336
537 536 336
537 538 351
538 537 351
538 539 398
539 538 398
539 540 678
540 539 678
540 541 803
541 540 803
541 542 154
542 541 154
542 543 881
543 542 881
543 544 918
544 543 918
544 545 420
545 544 420
545 546 343
546 545 343
546 547 935
547 546 935
547 548 313
548 547 313
548 549 634
549 548 634
549 550 792
550 549 792
550 551 437
551 550 437
551 552 204
552 551 204
552 553 178
553 552 178
553 554 318
554 553 318
554 555 541
555 554 541
555 556 866
556 555 866
556 557 440
557 556 440
557 558 535
558 557 535
558 559 986
559 558 986
559 560 432
560 559 432
560 561 525
561 560 525
561 562 506
562 561 506
562 563 214
563 562 214
563 564 433
564 563 433
564 565 154
565 564 154
565 566 334
566 565 334
566 567 676
567 566 676
567 568 841
568 567 841
568 569 37
569 568 37
569 570 425
570 569 425
570 571 870
571 570 870
571 572 839
572 571 839
572 573 578
573 572 578
573 574 751
574 573 751
574 575 756
575 574 756
575 576 349
576 575 349
576 577 93
577 576 93
577 578 42
578 577 42
578 579 661
579 578 661
579 580 726
580 579 726
580 581 833
581 580 833
581 582 450
582 581 450
582 583 281
583 582 281
583 584 11
584 583 11
584 585 767
585 584 767
585 586 822
586 585 822
586 587 228
587 586 228
587 588 206
588 587 206
588 589 708
589 588 708
589 590 213
590 589 213
590 591 990
591 590 990
591 592 232
592 591 232
592 593 70
593 592 70
593 594 203
594 593 203
594 595 665
595 594 665
595 596 575
596 595 575
596 597 888
597 596 888
597 598 692
598 597 692
598 599 767
599 598 767
599 600 924
600 599 924
600 601 468
601 600 468
601 602 637
602 601 637
602 603 763
603 602 763
603 604 397
604 603 397
604 605 387
605 604 387
605 606 870
606 605 870
606 607 745
607 606 745
607 608 831
608 607 831
608 609 912
609 608 912
609 610 405
610 609 405
610 611 908
611 610 908
611 612 96
612 611 96
612 613 854
613 612 854
613 614 540
614 613 540
614 615 458
615 614 458
615 616 973
616 615 973
616 617 361
617 616 361
617 618 686
618 617 686
618 619 530
619 618 530
619 620 69
620 619 69
620 621 250
621 620 250
621 622 519
622 621 519
622 623 652
623 622 652
623 624 672
624 623 672
624 625 73
625 624 73
625 626 316
626 625 316
626 627 598
627 626 598
627 628 961
628 627 961
628 629 359
629 628 359
629 630 365
630 629 365
630 631 236
631 630 236
631 632 826
632 631 826
632 633 1
633 632 1
633 634 998
634 633 998
634 635 222
635 634 222
635 636 739
636 635 739
636 637 220
637 636 220
637 638 318
638 637 318
638 639 921
639 638 921
639 640 483
640 639 483
640 641 75
641 640 75
641 642 828
642 641 828
642 643 578
643 642 578
643 644 280
644 643 280
644 645 367
645 644 367
645 646 36
646 645 36
646 647 252
647 646 252
647 648 80
648 647 80
648 649 73
649 648 73
649 650 782
650 649 782
650 651 500
651 650 500
651 652 322
652 651 322
652 653 652
653 652 652
653 654 151
654 653 151
654 655 993
655 654 993
655 656 77
656 655 77
656 657 819
657 656 819
657 658 591
658 657 591
658 659 389
659 658 389
659 660 177
660 659 177
660 661 307
661 660 307
661 662 624
662 661 624
662 663 355
663 662 355
663 664 659
664 663 659
664 665 974
665 664 974
665 666 576
666 665 576
666 667 397
667 666 397
667 668 193
668 667 193
668 669 894
669 668 894
669 670 317
670 669 317
670 671 675
671 670 675
671 672 968
672 671 968
672 673 496
673 672 496
673 674 604
674 673 604
674 675 247
675 674 247
675 676 214
676 675 214
676 677 991
677 676 991
677 678 851
678 677 851
678 679 645
679 678 645
679 680 63
680 679 63
680 681 984
681 680 984
681 682 144
682 681 144
682 683 385
683 682 385
683 684 987
684 683 987
684 685 647
685 684 647
685 686 729
686 685 729
686 687 63
687 686 63
687 688 465
688 687 465
688 689 671
689 688 671
689 690 451
690 689 451
690 691 993
691 690 993
691 692 977
692 691 977
692 693 75
693 692 75
693 694 347
694 693 347
694 695 635
695 694 635
695 696 48
696 695 48
696 697 275
697 696 275
697 698 383
698 697 383
698 699 592
699 698 592
699 700 520
700 699 520
700 701 51
701 700 51
701 702 618
702 701 618
702 703 487
703 702 487
703 704 898
704 703 898
704 705 221
705 704 221
705 706 85
706 705 85
706 707 112
707 706 112
707 708 212
708 707 212
708 709 935
709 708 935
709 710 756
710 709 756
710 711 274
711 710 274
711 712 270
712 711 270
712 713 252
713 712 252
713 714 10
714 713 10
714 715 257
715 714 257
715 716 898
716 715 898
716 717 91
717 716 91
717 718 319
718 717 319
718 719 714
719 718 714
719 720 761
720 719 761
720 721 122
721 720 122
721 722 58
722 721 58
722 723 90
723 722 90
723 724 548
724 723 548
724 725 405
725 724 405
725 726 76
726 725 76
726 727 595
727 726 595
727 728 31
728 727 31
728 729 459
729 728 459
729 730 538
730 729 538
730 731 550
731 730 550
731 732 861
732 731 861
732 733 155
733 732 155
733 734 388
734 733 388
734 735 759
735 734 759
735 736 727
736 735 727
736 737 472
737 736 472
737 738 222
738 737 222
738 739 290
739 738 290
739 740 759
740 739 759
740 741 329
741 740 329
741 742 916
742 741 916
742 743 28
743 742 28
743 744 932
744 743 932
744 745 925
745 744 925
745 746 636
746 745 636
746 747 181
747 746 181
747 748 367
748 747 367
748 749 307
749 748 307
749 750 894
750 749 894
750 751 480
751 750 480
751 752 428
752 751 428
752 753 304
753 752 304
753 754 569
754 753 569
754 755 975
755 754 975
755 756 60
756 755 60
756 757 996
757 756 996
757 758 921
758 757 921
758 759 90
759 758 90
759 760 806
760 759 806
760 761 458
761 760 458
761 762 639
762 761 639
762 763 667
763 762 667
763 764 964
764 763 964
764 765 26
765 764 26
765 766 777
766 765 777
766 767 690
767 766 690
767 768 849
768 767 849
768 769 350
769 768 350
769 770 332
770 769 332
770 771 959
771 770 959
771 772 678
772 771 678
772 773 247
773 772 247
773 774 987
774 773 987
774 775 962
775 774 962
775 776 523
776 775 523
776 777 974
777 776 974
777 778 142
778 777 142
778 779 890
779 778 890
779 780 280
780 779 280
780 781 388
781 780 388
781 782 369
782 781 369
782 783 707
783 782 707
783 784 691
784 783 691
784 785 937
785 784 937
785 786 33
786 785 33
786 787 750
787 786 750
787 788 932
788 787 932
788 789 305
789 788 305
789 790 191
790 789 191
790 791 738
791 790 738
791 792 762
792 791 762
792 793 829
793 792 829
793 794 756
794 793 756
794 795 77
795 794 77
795 796 206
796 795 206
796 797 884
797 796 884
797 798 119
798 797 119
798 799 54
799 798 54
799 0 233
0 799 233
412 461 696
461 412 696
750 622 218
622 750 218
323 316 459
316 323 459
203 103 827
103 203 827
461 745 115
745 461 115
94 294 399
294 94 399
798 36 488
36 798 488
712 464 243
464 712 243
140 221 126
221 140 126
658 426 710
426 658 710
459 390 971
390 459 971
306 340 546
340 306 546
676 216 262
216 676 262
134 771 365
771 134 365
561 784 510
784 561 510
627 430 756
430 627 756
425 781 544
781 425 544
712 245 808
245 712 808
106 385 981
385 106 981
383 596 207
596 383 207
292 607 798
607 292 798
215 114 90
114 215 90
760 790 58
790 760 58
21 476 981
476 21 981
185 237 566
237 185 566
646 417 196
417 646 196
153 42 177
42 153 177
496 307 974
307 496 974
55 413 960
413 55 960
635 797 308
797 635 308
393 641 115
641 393 115
542 56 429
56 542 429
232 16 171
16 232 171
41 37 448
37 41 448
622 574 437
574 622 437
387 772 254
772 387 254
134 477 649
477 134 649
663 525 756
525 663 756
636 132 521
132 636 521
547 319 718
319 547 718
254 713 112
713 254 112
569 455 320
455 569 320
549 239 537
239 549 537
72 281 726
281 72 726
71 103 253
103 71 253
307 42 977
42 307 977
513 176 7
176 513 7
761 39 532
39 761 532
68 676 417
676 68 417
423 135 659
135 423 659
230 400 770
400 230 770
351 408 89
408 351 89
100 647 977
647 100 977
524 480 55
480 524 55
595 583 307
583 595 307
455 625 283
625 455 283
168 354 289
354 168 289
481 393 173
393 481 173
549 621 589
621 549 589
689 597 876
597 689 876
547 379 877
379 547 877
668 730 285
730 668 285
757 30 884
30 757 884
285 107 165
107 285 165
539 702 300
702 539 300
45 357 678
357 45 678
280 77 584
77 280 584
120 110 129
110 120 129
444 211 751
211 444 751
584 101 900
101 584 900
60 200 279
200 60 279
288 69 761
69 288 761
124 26 591
26 124 591
607 663 650
663 607 650
323 403 153
403 323 153
175 0 862
0 175 862
204 632 92
632 204 92
587 753 154
753 587 154
115 749 766
749 115 766
617 534 219
534 617 219
116 146 819
146 116 819
346 434 688
434 346 688
506 558 266
558 506 266
249 717 530
717 249 530
98 593 885
593 98 885
202 768 285
768 202 285
216 524 718
524 216 718
307 311 823
311 307 823
60 426 124
426 60 124
377 244 858
244 377 858
795 712 604
712 795 604
614 611 590
611 614 590
53 317 748
317 53 748
319 118 18
118 319 18
0 569 563
569 0 563
84 323 683
323 84 683
168 539 407
539 168 407
437 46 318
46 437 318
211 459 896
459 211 896
735 36 540
36 735 540
544 384 205
384 544 205
148 550 816
550 148 816
89 603 485
603 89 485
589 122 156
122 589 156
206 474 125
474 206 125
768 558 248
558 768 248
50 279 740
279 50 740
656 716 986
716 656 986
325 480 197
480 325 197
420 415 786
415 420 786
312 159 970
159 312 970
116 659 920
659 116 920
83 749 323
749 83 323
367 538 798
538 367 798
674 296 872
296 674 872
398 616 783
616 398 783
798 218 462
218 798 462
137 426 330
426 137 330
674 751 210
751 674 210
423 723 225
723 423 225
208 235 937
235 208 937
377 703 596
703 377 596
648 786 497
786 648 497
370 706 387
706 370 387
119 580 283
580 119 283
343 531 451
531 343 451
325 81 869
81 325 869
138 218 295
218 138 295
667 444 398
444 667 398
77 419 722
419 77 722
253 627 157
627 253 157
589 556 261
556 589 261
337 404 199
404 337 199
385 327 105
327 385 105
172 798 486
798 172 486
606 341 169
341 606 169
409 218 50
218 409 50
77 356 220
356 77 220
172 224 664
224 172 664
569 301 636
301 569 636
442 106 863
106 442 863
199 248 372
248 199 372
211 137 728
137 211 728
209 522 607
522 209 607
466 246 806
246 466 806
503 405 547
405 503 547
271 14 966
14 271 966
120 443 522
443 120 522
539 615 898
615 539 898
154 737 951
737 154 951
189 379 258
379 189 258
404 130 106
130 404 106
375 693 795
693 375 795
654 455 117
455 654 117
461 121 164
121 461 164
266 624 921
624 266 921
764 95 135
95 764 135
681 567 378
567 681 378
155 306 946
306 155 946
652 460 235
460 652 235
203 650 966
650 203 966
212 254 649
254 212 649
469 181 542
181 469 542
63 35 197
35 63 197
531 496 70
496 531 70
446 314 646
314 446 646
766 631 93
631 766 93
652 512 460
512 652 460
182 667 966
667 182 966
327 72 627
72 327 627
313 627 77
627 313 77
230 391 883
391 230 883
278 60 64
60 278 64
572 475 51
475 572 51
520 206 100
206 520 100
590 653 14
653 590 14
35 619 45
619 35 45
728 24 510
24 728 510
387 206 929
206 387 929
705 85 201
85 705 201
331 398 980
398 331 980
159 628 171
628 159 171
241 459 583
459 241 583
56 231 658
231 56 658
258 751 865
751 258 865
157 93 70
93 157 70
371 129 489
129 371 489
767 409 313
409 767 313
76 348 271
348 76 271
405 253 956
253 405 956
357 136 954
136 357 954
137 295 935
295 137 935
659 88 194
88 659 194
442 496 977
496 442 977
699 755 128
755 699 128
715 112 422
112 715 422
584 483 503
483 584 503
625 451 464
451 625 464
689 79 412
79 689 412
160 484 18
484 160 18
515 42 554
42 515 554
21 531 450
531 21 450
155 390 290
390 155 290
300 32 787
32 300 787
676 284 342
284 676 342
555 199 54
199 555 54
528 784 290
784 528 290
182 161 93
161 182 93
245 50 972
50 245 972
657 562 209
562 657 209
74 278 651
278 74 651
427 299 334
299 427 334
628 6 724
6 628 724
118 658 757
658 118 757
104 86 441
86 104 441
397 193 640
193 397 640
2 722 776
722 2 776
443 104 689
104 443 689
535 350 340
350 535 340
259 559 702
559 259 702
467 185 732
185 467 732
269 164 383
164 269 383
602 793 589
793 602 589
77 111 599
111 77 599
33 567 685
567 33 685
625 164 679
164 625 679
617 518 353
518 617 353
144 162 209
162 144 209
633 697 359
697 633 359
724 508 270
508 724 270
577 527 255
527 577 255
709 348 572
348 709 572
243 502 965
502 243 965
584 580 428
580 584 428
782 165 747
165 782 747
267 791 263
791 267 263
297 608 381
608 297 381
752 142 10
142 752 10
392 168 262
168 392 262
100 589 992
589 100 992
180 396 453
396 180 453
528 367 296
367 528 296
231 683 80
683 231 80
11 310 463
310 11 463
176 408 882
408 176 882
519 670 331
670 519 331
327 650 132
650 327 132
632 345 141
345 632 141
769 737 861
737 769 861
383 389 851
389 383 851
574 569 447
569 574 447
226 650 966
650 226 966
121 81 449
81 121 449
153 444 711
444 153 711
615 172 719
172 615 719
448 692 341
692 448 341
578 571 991
571 578 991
509 755 88
755 509 88
649 725 977
725 649 977
510 660 367
660 510 367
512 786 888
786 512 888
110 564 690
564 110 690
427 237 771
237 427 771
275 390 167
390 275 167
337 205 540
205 337 540
7 653 784
653 7 784
347 783 555
783 347 555
89 492 511
492 89 511
177 694 588
694 177 588
105 756 400
756 105 400
423 468 586
468 423 586
511 130 950
130 511 950
352 557 139
557 352 139
723 384 530
384 723 530
641 721 287
721 641 287
380 280 293
280 380 293
715 627 876
627 715 876
470 268 521
268 470 521
532 797 15
797 532 15
71 103 923
103 71 923
270 526 391
526 270 391
7 589 273
589 7 273
308 142 830
142 308 830
46 417 214
417 46 214
175 258 487
258 175 487
62 191 367
191 62 367
506 106 546
106 506 546
581 128 14
128 581 14
701 660 212
660 701 212
267 283 115
283 267 115
589 553 793
553 589 793
131 112 783
112 131 783
603 420 125
420 603 125
384 19 942
19 384 942
549 194 400
194 549 400
635 608 391
608 635 391
553 314 50
314 553 50
650 448 578
448 650 578
664 701 191
701 664 191
227 169 474
169 227 474
693 758 180
758 693 180
85 442 892
442 85 892
67 245 265
245 67 265
191 630 84
630 191 84
284 731 230
731 284 230
284 567 639
567 284 639
26 672 305
672 26 305
675 523 105
523 675 105
205 739 207
739 205 207
395 518 976
518 395 976
420 411 686
411 420 686
199 48 728
48 199 728
443 116 726
116 443 726
307 659 508
659 307 508
190 496 639
496 190 639
171 780 958
780 171 958
761 358 831
358 761 831
66 586 506
586 66 506
522 791 997
791 522 997
528 738 515
738 528 515
255 358 878
358 255 878
293 558 526
558 293 526
420 553 594
553 420 594
697 60 206
60 697 206
4 602 302
602 4 302
43 773 634
773 43 634
200 735 944
735 200 944
582 353 930
353 582 930
687 75 521
75 687 521
635 156 259
156 635 259
301 763 970
763 301 970
378 256 128
256 378 128
56 229 681
229 56 681
201 126 893
126 201 893
558 131 495
131 558 495
611 526 420
526 611 420
644 726 955
726 644 955
588 61 460
61 588 460
669 300 688
300 669 688
390 136 844
136 390 844
400 437 607
437 400 607
769 368 16
368 769 16
448 776 445
776 448 445
680 529 971
529 680 971
172 288 454
288 172 454
618 99 532
99 618 532
590 296 811
296 590 811
496 436 472
436 496 472
756 305 372
305 756 372
643 695 508
695 643 508
238 648 98
648 238 98
596 169 666
169 596 666
411 170 794
170 411 794
455 50 723
50 455 723
178 575 11
575 178 11
383 745 663
745 383 663
315 535 959
535 315 959
525 232 195
232 525 195
796 188 300
188 796 300
119 383 148
383 119 148
27 173 348
173 27 348
276 769 517
769 276 517
93 381 487
381 93 487
686 36 290
36 686 290
208 566 465
566 208 465
371 150 210
150 371 210
633 465 298
465 633 298
743 542 330
542 743 330
137 90 470
90 137 470
636 209 405
209 636 405
135 236 978
236 135 978
282 64 147
64 282 147
599 157 928
157 599 928
637 43 117
43 637 117
726 604 683
604 726 683
527 184 905
184 527 905
360 201 202
201 360 202
303 743 883
743 303 883
792 33 704
33 792 704
180 243 108
243 180 108
316 31 437
31 316 437
598 96 583
96 598 583
749 605 863
605 749 863
139 201 331
201 139 331
417 357 365
357 417 365
560 84 150
84 560 150
64 796 751
796 64 751
617 651 47
651 617 47
499 643 680
643 499 680
154 23 75
23 154 75
61 691 459
691 61 459
297 42 155
42 297 155
31 791 912
791 31 912
445 482 513
482 445 513
775 100 870
100 775 870
692 212 554
212 692 554
793 628 502
628 793 502
295 445 553
445 295 553
541 496 796
496 541 796
373 650 972
650 373 972
447 263 263
263 447 263
105 560 905
560 105 905
211 143 649
143 211 649
123 589 83
589 123 83
587 116 383
116 587 383
257 360 595
360 257 595
362 353 623
353 362 623
464 649 20
649 464 20
768 390 668
390 768 668
564 315 918
315 564 918
287 315 933
315 287 933
701 772 445
772 701 445
358 536 389
536 358 389
358 659 330
659 358 330
40 798 246
798 40 246
175 255 207
255 175 207
521 170 712
170 521 712
696 186 161
186 696 161
515 154 304
154 515 304
383 270 819
270 383 819
452 557 486
557 452 486
785 11 59
11 785 59
429 369 395
369 429 395
569 727 406
727 569 406
498 319 604
319 498 604
96 494 212
494 96 212
54 216 134
216 54 134
365 112 520
112 365 520
78 179 274
179 78 274
181 114 545
114 181 545
151 119 654
119 151 654
437 104 865
104 437 865
247 85 786
85 247 786
593 655 65
655 593 65
798 705 785
705 798 785
553 1 679
1 553 679
116 407 47
407 116 47
649 773 511
773 649 511
568 51 91
51 568 91
194 584 805
584 194 805
90 735 924
735 90 924
543 724 380
724 543 380
560 171 618
171 560 618
145 316 673
316 145 673
10 314 930
314 10 930
546 420 932
420 546 932
776 536 939
536 776 939
423 738 664
738 423 664
533 58 267
58 533 267
23 252 51
252 23 51
780 342 187
342 780 187
55 438 863
438 55 863
587 198 787
198 587 787
404 695 703
695 404 703
428 257 370
257 428 370
357 3 390
3 357 390
288 780 678
780 288 678
179 755 16
755 179 16
394 488 627
488 394 627
661 64 431
64 661 431
711 396 974
396 711 974
249 451 964
451 249 964
512 590 914
590 512 914
498 194 961
194 498 961
0 622 819
622 0 819
169 180 974
180 169 974
310 20 754
20 310 754
540 551 261
551 540 261
707 146 950
146 707 950
133 7 966
7 133 966
164 270 762
270 164 762
89 520 965
520 89 965
452 584 956
584 452 956
565 282 702
282 565 702
477 634 525
634 477 525
295 356 705
356 295 705
469 666 877
666 469 877
174 406 629
406 174 629
635 314 327
314 635 327
336 799 886
799 336 886
453 163 356
163 453 356
166 252 628
252 166 628
682 256 212
256 682 212
189 373 894
373 189 894
691 51 81
51 691 81
215 346 437
346 215 437
271 367 55
367 271 55
347 94 614
94 347 614
527 281 480
281 527 480
53 617 279
617 53 279
738 622 443
622 738 443
446 788 647
788 446 647
673 670 856
670 673 856
685 412 629
412 685 629
530 303 280
303 530 280
210 70 979
70 210 979
598 341 698
341 598 698
53 240 192
240 53 192
266 320 73
320 266 73
345 373 642
373 345 642
775 664 864
664 775 864
569 310 204
310 569 204
616 535 627
535 616 627
23 420 439
420 23 439
251 503 342
503 251 342
83 713 212
713 83 212
261 512 105
512 261 105
710 117 897
117 710 897
102 383 217
383 102 217
126 280 391
280 126 391
768 607 7
607 768 7
783 377 717
377 783 717
339 545 852
545 339 852
565 568 625
568 565 625
403 19 928
19 403 928
96 454 193
454 96 193
659 267 857
267 659 857
178 173 460
173 178 460
280 108 29
108 280 29
406 740 419
740 406 419
726 548 425
548 726 425
262 125 493
125 262 493
601 222 696
222 601 696
366 790 672
790 366 672
321 361 951
361 321 951
769 16 496
16 769 496
628 283 352
283 628 352
143 461 678
461 143 678
354 293 538
293 354 538
782 252 479
252 782 479
552 530 379
530 552 379
328 792 856
792 328 856
772 593 878
593 772 878
468 511 620
511 468 620
91 384 181
384 91 181
242 353 349
353 242 349
737 533 185
533 737 185
40 228 446
228 40 446
317 583 492
583 317 492
607 117 344
117 607 344
485 670 74
670 485 74
463 550 619
550 463 619
118 523 412
523 118 412
347 543 276
543 347 276
566 634 412
634 566 412
698 428 366
428 698 366
47 717 651
717 47 651
31 758 480
758 31 480
28 627 15
627 28 15
319 434 932
434 319 932
414 471 354
471 414 354
240 486 705
486 240 705
410 156 828
156 410 828
373 503 771
503 373 771
48 269 557
269 48 557
460 168 786
168 460 786
777 567 303
567 777 303
27 598 813
598 27 813
658 178 993
178 658 993
272 50 379
50 272 379
356 464 451
464 356 451
309 256 937
256 309 937
365 666 694
666 365 694
144 240 949
240 144 949
114 640 619
640 114 619
623 652 939
652 623 939
408 629 906
629 408 906
462 209 56
209 462 56
27 419 834
419 27 834
219 692 84
692 219 84
749 600 501
600 749 501
599 109 509
109 599 509
488 27 728
27 488 728
533 171 920
171 533 920
281 638 360
638 281 360
651 461 165
461 651 165
389 69 994
69 389 994
246 83 555
83 246 555
253 110 975
110 253 975
87 681 619
681 87 619
322 183 419
183 322 419
222 782 80
782 222 80
283 22 307
22 283 307
210 555 631
555 210 631
729 389 469
389 729 469
640 240 730
240 640 730
404 182 551
182 404 551
798 428 234
428 798 234
504 682 297
682 504 297
630 321 730
321 630 730
648 643 913
643 648 913
18 418 648
418 18 648
650 701 870
701 650 870
508 111 978
111 508 978
538 392 567
392 538 567
406 232 959
232 406 959
735 637 741
637 735 741
685 187 522
187 685 522
271 691 356
691 271 356
319 522 77
522 319 77
248 722 472
722 248 472
713 293 690
293 713 690
712 143 943
143 712 943
733 651 606
651 733 606
510 390 598
390 510 598
228 796 631
796 228 631
187 284 868
284 187 868
679 521 655
521 679 655
0 792 546
792 0 546
355 311 220
311 355 220
583 112 295
112 583 295
207 377 188
377 207 188
248 289 331
289 248 331
191 574 382
574 191 382
596 285 972
285 596 972
594 65 921
65 594 921
24 604 605
604 24 605
443 484 926
484 443 926
697 484 471
484 697 471
394 392 534
392 394 534
614 175 198
175 614 198
660 382 375
382 660 375
647 631 416
631 647 416
777 374 191
374 777 191
310 170 28
170 310 28
234 316 845
316 234 845
154 692 250
692 154 250
710 335 334
335 710 334
635 232 618
232 635 618
457 179 810
179 457 810
591 345 338
345 591 338
388 205 672
205 388 672
115 52 503
52 115 503
130 381 829
381 130 829
272 691 200
691 272 200
251 125 268
125 251 268
296 631 961
631 296 961
145 541 848
541 145 848
478 729 881
729 478 881
47 386 12
386 47 12
9 529 757
529 9 757
146 118 762
118 146 762
569 233 214
233 569 214
24 715 795
715 24 795
652 540 886
540 652 886
203 791 164
791 203 164
71 639 195
639 71 195
183 336 937
336 183 937
630 366 666
366 630 666
62 414 204
414 62 204
473 775 734
775 473 734
429 473 804
473 429 804
590 242 789
242 590 789
355 266 456
266 355 456
501 119 996
119 501 996
539 322 140
322 539 140
702 745 731
745 702 731
696 128 668
128 696 668
784 311 634
311 784 634
1 725 600
725 1 600
757 399 375
399 757 375
90 380 648
380 90 648
693 523 91
523 693 91
633 78 557
78 633 557
488 580 228
580 488 228
436 671 303
671 436 303
375 573 48
573 375 48
57 21 129
21 57 129
524 358 392
358 524 392
110 359 717
359 110 717
109 316 116
316 109 116
84 758 49
758 84 49
83 203 572
203 83 572
325 36 602
36 325 602
34 525 934
525 34 934
661 161 805
161 661 805
363 88 730
88 363 730
363 497 552
497 363 552
43 222 910
222 43 910
34 684 821
684 34 821
793 337 771
337 793 771
429 647 819
647 429 819
513 51 742
51 513 742
390 87 343
87 390 343
424 164 629
164 424 629
286 677 433
677 286 433
201 317 163
317 201 163
116 15 66
15 116 66
511 589 327
589 511 327
97 473 147
473 97 147
400 18 636
18 400 636
570 0 284
0 570 284
540 65 87
65 540 87
481 455 126
455 481 126
375 80 291
80 375 291
3 366 520
366 3 520
388 119 838
119 388 838
502 588 405
588 502 405
367 299 346
299 367 346
693 397 771
397 693 771
239 797 741
797 239 741
27 119 341
119 27 341
110 659 6
659 110 6
596 340 262
340 596 262
721 715 542
715 721 542
563 271 860
271 563 860
635 659 531
659 635 531
224 361 919
361 224 919
628 728 219
728 628 219
725 173 368
173 725 368
495 764 965
764 495 965
187 791 836
791 187 836
328 453 95
453 328 95
533 601 835
601 533 835
746 75 102
75 746 102
239 190 173
190 239 173
450 25 184
25 450 184
781 249 945
249 781 945
451 429 225
429 451 225
421 354 998
354 421 998
788 401 763
401 788 763
704 589 506
589 704 506
739 117 512
117 739 512
633 202 513
202 633 513
419 501 340
501 419 340
473 740 931
740 473 931
797 743 156
743 797 156
181 724 206
724 181 206
725 727 187
727 725 187
750 349 742
349 750 742
499 337 695
337 499 695
213 242 84
242 213 84
719 533 953
533 719 953
430 367 308
367 430 308
294 338 409
338 294 409
234 11 501
11 234 501
364 9 444
9 364 444
71 542 120
542 71 120
28 467 448
467 28 448
415 769 997
769 415 997
708 469 486
469 708 486
602 234 880
234 602 880
638 153 14
153 638 14
790 135 333
135 790 333
249 430 671
430 249 671
657 664 483
664 657 483
110 580 644
580 110 644
305 651 986
651 305 986
425 680 805
680 425 805
24 647 327
647 24 327
772 555 548
555 772 548
257 357 582
357 257 582
337 547 288
547 337 288
502 538 823
538 502 823
234 339 53
339 234 53
304 549 669
549 304 669
738 659 249
659 738 249
733 164 653
164 733 653
470 141 85
141 470 85
675 165 732
165 675 732
753 137 39
137 753 39
500 747 996
747 500 996
481 636 96
636 481 96
520 338 234
338 520 234
343 572 125
572 343 125
147 428 474
428 147 474
168 367 133
367 168 133
768 652 250
652 768 250
420 323 943
323 420 943
656 550 661
550 656 661
387 503 750
503 387 750
225 203 697
203 225 697
773 236 85
236 773 85
268 757 223
757 268 223
653 652 147
652 653 147
577 799 176
799 577 176
603 167 495
167 603 495
487 136 747
136 487 747
536 108 622
108 536 622
631 765 572
765 631 572
91 704 275
704 91 275
40 130 630
130 40 630
455 66 422
66 455 422
275 375 997
375 275 997
128 227 143
227 128 143
257 226 670
226 257 670
60 746 516
746 60 516
548 434 263
434 548 263
636 542 884
542 636 884
467 59 808
59 467 808
110 764 82
764 110 82
151 446 712
446 151 712
440 101 930
101 440 930
13 376 905
376 13 905
9 56 684
56 9 684
104 665 310
665 104 310
725 278 608
278 725 608
641 378 594
378 641 594
55 214 937
214 55 937
90 234 148
234 90 148
497 344 712
344 497 712
179 47 558
47 179 558
42 487 611
487 42 611
771 53 539
53 771 539
627 414 947
414 627 947
710 518 213
518 710 213
571 796 891
796 571 891
731 637 21
637 731 21
524 244 187
244 524 187
412 334 621
334 412 621
360 32 918
32 360 918
271 563 717
563 271 717
181 157 357
157 181 357
191 480 610
480 191 610
130 307 824
307 130 824
476 569 495
569 476 495
240 340 291
340 240 291
282 623 80
623 282 80
702 348 124
348 702 124
89 760 658
760 89 658
61 320 842
320 61 842
730 144 405
144 730 405
647 325 762
325 647 762
603 516 194
516 603 194
164 198 901
198 164 901
587 675 622
675 587 622
281 115 963
115 281 963
323 750 938
750 323 938
202 652 86
652 202 86
325 293 47
293 325 47
335 355 319
355 335 319
376 637 263
637 376 263
181 484 140
484 181 140
494 639 857
639 494 857
488 3 7
3 488 7
340 143 482
143 340 482
762 776 550
776 762 550
276 300 100
300 276 100
413 502 504
502 413 504
451 380 598
380 451 598
97 715 353
715 97 353
767 291 742
291 767 742
782 24 427
24 782 427
321 71 818
71 321 818
729 111 174
111 729 174
536 451 317
451 536 317
569 765 445
765 569 445
718 241 145
241 718 145
369 207 200
207 369 200
225 658 380
658 225 380
22 307 47
307 22 47
526 626 690
626 526 690
67 608 715
608 67 715
445 130 586
130 445 586
215 59 849
59 215 849
788 595 700
595 788 700
256 365 818
365 256 818
500 635 811
635 500 811
597 557 618
557 597 618
748 334 28
334 748 28
479 356 87
356 479 87
125 434 114
434 125 114
414 53 722
53 414 722
280 499 404
499 280 404
217 714 664
714 217 664
265 254 211
254 265 211
317 62 528
62 317 528
334 114 516
114 334 516
496 263 625
263 496 625
66 211 359
211 66 359
293 690 667
690 293 667
380 367 901
367 380 901
293 334 154
334 293 154
366 614 205
614 366 205
570 32 871
32 570 871
385 297 677
297 385 677
347 166 291
166 347 291
227 500 806
500 227 806
294 197 69
197 294 69
118 263 633
263 118 633
628 108 875
108 628 875
694 40 843
40 694 843
746 685 577
685 746 577
51 252 143
252 51 143
208 374 775
374 208 775
630 311 25
311 630 25
507 210 591
210 507 591
797 437 644
437 797 644
754 731 993
731 754 993
175 401 608
401 175 608
607 581 516
581 607 516
481 27 157
27 481 157
723 325 994
325 723 994
51 377 398
377 51 398
794 137 772
137 794 772
320 767 835
767 320 835
144 26 446
26 144 446
487 376 483
376 487 483
530 330 167
330 530 167
322 505 120
505 322 120
729 312 702
312 729 702
796 346 281
346 796 281
104 269 407
269 104 407
98 673 936
673 98 936
695 219 73
219 695 73
419 539 392
539 419 392
453 684 219
684 453 219
698 371 195
371 698 195
133 453 125
453 133 125
299 775 783
775 299 783
418 256 95
256 418 95
671 252 641
252 671 641
152 357 263
357 152 263
310 7 888
7 310 888
45 702 307
702 45 307
269 321 646
321 269 646
460 327 282
327 460 282
678 225 805
225 678 805
24 358 858
358 24 858
