0 1 434
1 0 434
1 2 544
2 1 544
2 3 121
3 2 121
3 4 739
4 3 739
4 5 866
5 4 866
5 6 241
6 5 241
6 7 761
7 6 761
7 8 174
8 7 174
8 9 77
9 8 77
9 10 350
10 9 350
10 11 693
11 10 693
11 12 578
12 11 578
12 13 238
13 12 238
13 14 385
14 13 385
14 15 732
15 14 732
15 16 839
16 15 839
16 17 179
17 16 179
17 18 679
18 17 679
18 19 499
19 18 499
19 20 253
20 19 253
20 21 578
21 20 578
21 22 713
22 21 713
22 23 609
23 22 609
23 24 217
24 23 217
24 25 910
25 24 910
25 26 930
26 25 930
26 27 220
27 26 220
27 28 31
28 27 31
28 29 720
29 28 720
29 30 707
30 29 707
30 31 702
31 30 702
31 32 153
32 31 153
32 33 602
33 32 602
33 34 175
34 33 175
34 35 244
35 34 244
35 36 468
36 35 468
36 37 415
37 36 415
37 38 356
38 37 356
38 39 993
39 38 993
39 40 491
40 39 491
40 41 705
41 40 705
41 42 37
42 41 37
42 43 420
43 42 420
43 44 942
44 43 942
44 45 421
45 44 421
45 46 504
46 45 504
46 47 780
47 46 780
47 48 599
48 47 599
48 49 182
49 48 182
49 50 630
50 49 630
50 51 203
51 50 203
51 52 112
52 51 112
52 53 343
53 52 343
53 54 163
54 53 163
54 55 680
55 54 680
55 56 252
56 55 252
56 57 93
57 56 93
57 58 900
58 57 900
58 59 634
59 58 634
59 60 164
60 59 164
60 61 958
61 60 958
61 62 336
62 61 336
62 63 316
63 62 316
63 64 912
64 63 912
64 65 862
65 64 862
65 66 911
66 65 911
66 67 731
67 66 731
67 68 276
68 67 276
68 69 266
69 68 266
69 70 75
70 69 75
70 71 118
71 70 118
71 72 971
72 71 971
72 73 111
73 72 111
73 74 889
74 73 889
74 75 912
75 74 912
75 76 531
76 75 531
76 77 392
77 76 392
77 78 44
78 77 44
78 79 482
79 78 482
79 80 926
80 79 926
80 81 25
81 80 25
81 82 36
82 81 36
82 83 389
83 82 389
83 84 719
84 83 719
84 85 199
85 84 199
85 86 68
86 85 68
86 87 970
87 86 970
87 88 643
88 87 643
88 89 967
89 88 967
89 90 956
90 89 956
90 91 806
91 90 806
91 92 277
92 91 277
92 93 643
93 92 643
93 94 473
94 93 473
94 95 188
95 94 188
95 96 504
96 95 504
96 97 384
97 96 384
97 98 270
98 97 270
98 99 131
99 98 131
99 100 649
100 99 649
100 101 344
101 100 344
101 102 248
102 101 248
102 103 619
103 102 619
103 104 454
104 103 454
104 105 136
105 104 136
105 106 883
106 105 883
106 107 336
107 106 336
107 108 880
108 107 880
108 109 278
109 108 278
109 110 169
110 109 169
110 111 157
111 110 157
111 112 302
112 111 302
112 113 205
113 112 205
113 114 545
114 113 545
114 115 21
115 114 21
115 116 403
116 115 403
116 117 612
117 116 612
117 118 342
118 117 342
118 119 397
119 118 397
119 120 931
120 119 931
120 121 649
121 120 649
121 122 202
122 121 202
122 123 559
123 122 559
123 124 291
124 123 291
124 125 26
125 124 26
125 126 98
126 125 98
126 127 146
127 126 146
127 128 409
128 127 409
128 129 367
129 128 367
129 130 276
130 129 276
130 131 410
131 130 410
131 132 710
132 131 710
132 133 875
133 132 875
133 134 380
134 133 380
134 135 515
135 134 515
135 136 363
136 135 363
136 137 614
137 136 614
137 138 202
138 137 202
138 139 242
139 138 242
139 140 891
140 139 891
140 141 371
141 140 371
141 142 398
142 141 398
142 143 545
143 142 545
143 144 575
144 143 575
144 145 942
145 144 942
145 146 917
146 145 917
146 147 329
147 146 329
147 148 905
148 147 905
148 149 610
149 148 610
149 150 725
150 149 725
150 151 187
151 150 187
151 152 259
152 151 259
152 153 278
153 152 278
153 154 745
154 153 745
154 155 901
155 154 901
155 156 303
156 155 303
156 157 842
157 156 842
157 158 47
158 157 47
158 159 64
159 158 64
159 160 208
160 159 208
160 161 322
161 160 322
161 162 473
162 161 473
162 163 269
163 162 269
163 164 197
164 163 197
164 165 204
165 164 204
165 166 783
166 165 783
166 167 911
167 166 911
167 168 818
168 167 818
168 169 985
169 168 985
169 170 152
170 169 152
170 171 60
171 170 60
171 172 707
172 171 707
172 173 901
173 172 901
173 174 956
174 173 956
174 175 633
175 174 633
175 176 194
176 175 194
176 177 872
177 176 872
177 178 313
178 177 313
178 179 98
179 178 98
179 180 834
180 179 834
180 181 389
181 180 389
181 182 637
182 181 637
182 183 444
183 182 444
183 184 666
184 183 666
184 185 381
185 184 381
185 186 344
186 185 344
186 187 320
187 186 320
187 188 575
188 187 575
188 189 742
189 188 742
189 190 383
190 189 383
190 191 134
191 190 134
191 192 64
192 191 64
192 193 207
193 192 207
193 194 755
194 193 755
194 195 612
195 194 612
195 196 411
196 195 411
196 197 537
197 196 537
197 198 522
198 197 522
198 199 580
199 198 580
199 0 873
0 199 873
24 38 931
38 24 931
124 194 563
194 124 563
69 17 875
17 69 875
118 2 263
2 118 263
154 45 280
45 154 280
87 189 600
189 87 600
13 82 334
82 13 334
146 145 893
145 146 893
100 108 655
108 100 655
189 181 234
181 189 234
13 5 224
5 13 224
144 81 170
81 144 170
58 102 988
102 58 988
133 21 990
21 133 990
147 175 788
175 147 788
179 14 577
14 179 577
130 27 459
27 130 459
63 174 757
174 63 757
107 26 17
26 107 17
161 167 151
167 161 151
194 133 308
133 194 308
170 77 390
77 170 390
139 135 292
135 139 292
78 20 465
20 78 465
68 120 193
120 68 193
55 99 207
99 55 207
183 29 435
29 183 435
193 44 361
44 193 361
101 152 739
152 101 739
70 65 107
65 70 107
20 12 40
12 20 40
127 182 469
182 127 469
68 121 956
121 68 956
112 0 729
0 112 729
176 20 49
20 176 49
168 27 900
27 168 900
175 162 881
162 175 881
161 107 325
107 161 325
121 161 829
161 121 829
59 31 695
31 59 695
117 51 507
51 117 507
108 130 841
130 108 841
176 199 514
199 176 514
84 111 866
111 84 866
12 39 886
39 12 886
12 8 65
8 12 65
111 135 627
135 111 627
143 96 87
96 143 87
67 17 848
17 67 848
48 28 279
28 48 279
94 98 882
98 94 882
152 6 612
6 152 612
192 183 563
183 192 563
105 67 674
67 105 674
171 31 114
31 171 114
8 43 74
43 8 74
73 106 409
106 73 409
51 49 257
49 51 257
137 68 626
68 137 626
136 116 254
116 136 254
14 10 952
10 14 952
47 162 111
162 47 111
59 106 494
106 59 494
173 164 113
164 173 113
47 135 696
135 47 696
112 95 939
95 112 939
137 120 445
120 137 445
145 172 94
172 145 94
153 61 562
61 153 562
178 150 31
150 178 31
31 116 193
116 31 193
135 164 556
164 135 556
45 175 14
175 45 14
90 148 378
148 90 378
154 147 513
147 154 513
49 11 361
11 49 361
139 148 281
148 139 281
183 45 605
45 183 605
28 198 419
198 28 419
141 176 569
176 141 569
171 160 685
160 171 685
164 95 649
95 164 649
71 92 776
92 71 776
84 134 925
134 84 925
14 40 824
40 14 824
78 41 236
41 78 236
38 180 584
180 38 584
119 115 630
115 119 630
123 143 628
143 123 628
93 36 557
36 93 557
61 160 317
160 61 317
98 76 564
76 98 564
146 147 408
147 146 408
74 183 342
183 74 342
198 197 534
197 198 534
21 76 975
76 21 975
8 114 955
114 8 955
192 185 270
185 192 270
173 61 365
61 173 365
152 154 801
154 152 801
108 168 961
168 108 961
24 66 37
66 24 37
139 164 936
164 139 936
146 38 672
38 146 672
39 188 269
188 39 269
172 162 297
162 172 297
146 170 764
170 146 764
52 114 949
114 52 949
121 87 162
87 121 162
37 40 469
40 37 469
38 148 437
148 38 437
150 125 103
125 150 103
139 64 819
64 139 819
26 163 658
163 26 658
97 2 598
2 97 598
118 175 760
175 118 760
14 73 83
73 14 83
177 126 797
126 177 797
78 47 885
47 78 885
39 37 325
37 39 325
107 75 25
75 107 25
95 177 950
177 95 950
149 68 367
68 149 367
168 47 330
47 168 330
177 144 532
144 177 532
174 14 859
14 174 859
86 29 933
29 86 933
120 158 59
158 120 59
116 188 858
188 116 858
152 28 695
28 152 695
28 87 722
87 28 722
53 183 252
183 53 252
154 84 672
84 154 672
120 52 919
52 120 919
49 29 16
29 49 16
133 4 230
4 133 230
191 42 211
42 191 211
123 162 370
162 123 370
133 30 358
30 133 358
143 183 338
183 143 338
37 11 778
11 37 778
111 16 113
16 111 113
162 171 797
171 162 797
185 91 650
91 185 650
104 93 31
93 104 31
119 26 187
26 119 187
148 169 229
169 148 229
111 93 591
93 111 591
80 178 422
178 80 422
189 121 957
121 189 957
79 111 168
111 79 168
56 22 785
22 56 785
120 136 108
136 120 108
68 121 151
121 68 151
117 177 244
177 117 244
100 96 622
96 100 622
86 197 792
197 86 792
115 60 37
60 115 37
57 140 767
140 57 767
30 81 489
81 30 489
186 160 952
160 186 952
106 168 174
168 106 174
42 40 462
40 42 462
149 109 135
109 149 135
99 178 113
178 99 113
95 78 761
78 95 761
68 165 310
165 68 310
59 80 970
80 59 970
47 89 462
89 47 462
14 120 144
120 14 144
54 106 56
106 54 56
5 12 625
12 5 625
130 54 665
54 130 665
191 155 326
155 191 326
125 55 905
55 125 905
189 102 783
102 189 783
102 170 148
170 102 148
11 182 580
182 11 580
133 29 670
29 133 670
194 195 542
195 194 542
89 49 448
49 89 448
145 54 613
54 145 613
121 184 467
184 121 467
137 127 823
127 137 823
63 5 830
5 63 830
167 146 732
146 167 732
149 48 502
48 149 502
49 12 284
12 49 284
180 145 466
145 180 466
49 139 461
139 49 461
190 181 111
181 190 111
190 126 717
126 190 717
2 47 454
47 2 454
20 136 133
136 20 133
194 199 538
199 194 538
23 166 837
166 23 837
106 68 85
68 106 85
160 117 297
117 160 297
195 49 442
49 195 442
60 99 334
99 60 334
73 41 115
41 73 115
135 183 193
183 135 193
51 137 192
137 51 192
56 158 128
158 56 128
189 152 328
152 189 328
78 128 46
128 78 46
114 186 714
186 114 714
199 146 183
146 199 183
95 94 33
94 95 33
89 154 284
154 89 284
174 179 477
179 174 477
40 114 413
114 40 413
32 166 350
166 32 350
23 22 460
22 23 460
102 11 565
11 102 565
29 90 493
90 29 493
75 156 31
156 75 31
140 155 978
155 140 978
75 3 672
3 75 672
107 44 578
44 107 578
142 18 158
18 142 158
170 10 872
10 170 872
182 42 790
42 182 790
132 17 365
17 132 365
191 119 728
119 191 728
155 101 418
101 155 418
199 128 327
128 199 327
30 68 482
68 30 482
159 143 885
143 159 885
182 2 681
2 182 681
159 96 499
96 159 499
68 67 509
67 68 509
92 49 903
49 92 903
81 181 872
181 81 872
45 125 192
125 45 192
173 32 245
32 173 245
142 184 373
184 142 373
68 14 993
14 68 993
150 125 289
125 150 289
186 107 291
107 186 291
19 18 988
18 19 988
117 87 855
87 117 855
178 179 656
179 178 656
32 60 390
60 32 390
104 58 867
58 104 867
47 31 299
31 47 299
91 125 883
125 91 883
15 194 649
194 15 649
7 96 926
96 7 926
47 34 33
34 47 33
138 53 604
53 138 604
77 123 91
123 77 91
83 53 422
53 83 422
90 85 34
85 90 34
79 189 292
189 79 292
145 188 275
188 145 275
196 31 401
31 196 401
78 46 347
46 78 347
79 6 595
6 79 595
4 53 381
53 4 381
189 143 35
143 189 35
192 172 110
172 192 110
34 7 763
7 34 763
55 98 600
98 55 600
88 177 142
177 88 142
132 75 930
75 132 930
6 71 562
71 6 562
158 101 760
101 158 760
56 180 518
180 56 518
50 137 124
137 50 124
183 78 867
78 183 867
17 70 792
70 17 792
78 56 399
56 78 399
192 111 697
111 192 697
191 151 427
151 191 427
132 83 102
83 132 102
62 42 373
42 62 373
175 152 474
152 175 474
86 9 407
9 86 407
4 11 96
11 4 96
127 194 574
194 127 574
145 163 796
163 145 796
136 41 204
41 136 204
87 33 515
33 87 515
183 177 818
177 183 818
161 109 54
109 161 54
62 123 496
123 62 496
186 50 248
50 186 248
12 137 9
137 12 9
170 93 373
93 170 373
65 172 367
172 65 367
190 69 83
69 190 83
137 158 276
158 137 276
92 45 62
45 92 62
6 180 39
180 6 39
175 142 348
142 175 348
28 156 624
156 28 624
75 95 74
95 75 74
75 107 163
107 75 163
83 29 408
29 83 408
55 46 580
46 55 580
174 188 602
188 174 602
56 77 560
77 56 560
131 169 205
169 131 205
192 127 937
127 192 937
30 102 831
102 30 831
130 131 340
131 130 340
153 6 835
6 153 835
178 33 494
33 178 494
93 117 723
117 93 723
100 124 969
124 100 969
80 98 157
98 80 157
81 106 434
106 81 434
192 38 355
38 192 355
148 182 82
182 148 82
84 165 784
165 84 784
115 95 867
95 115 867
54 0 826
0 54 826
40 130 259
130 40 259
133 23 528
23 133 528
55 124 653
124 55 653
175 156 351
156 175 351
83 189 58
189 83 58
68 181 48
181 68 48
22 129 30
129 22 30
103 165 747
165 103 747
86 80 842
80 86 842
105 86 994
86 105 994
130 126 277
126 130 277
188 11 500
11 188 500
116 66 776
66 116 776
120 193 332
193 120 332
70 76 473
76 70 473
79 144 54
144 79 54
78 118 335
118 78 335
60 21 901
21 60 901
6 60 933
60 6 933
0 165 420
165 0 420
145 95 898
95 145 898
21 35 862
35 21 862
121 151 328
151 121 328
48 71 674
71 48 674
180 94 350
94 180 350
52 125 847
125 52 847
58 156 165
156 58 165
192 16 739
16 192 739
92 174 999
174 92 999
177 174 164
174 177 164
196 120 411
120 196 411
45 141 646
141 45 646
106 14 750
14 106 750
186 63 373
63 186 373
59 195 219
195 59 219
160 199 697
199 160 697
158 57 853
57 158 853
75 2 421
2 75 421
13 46 147
46 13 147
163 23 522
23 163 522
78 171 594
171 78 594
88 17 287
17 88 287
85 75 102
75 85 102
34 13 517
13 34 517
159 24 864
24 159 864
177 137 263
137 177 263
73 95 473
95 73 473
77 170 475
170 77 475
49 135 521
135 49 521
196 98 545
98 196 545
69 176 316
176 69 316
62 16 85
16 62 85
148 102 713
102 148 713
1 136 878
136 1 878
69 47 903
47 69 903
132 25 840
25 132 840
147 50 887
50 147 887
19 128 210
128 19 210
45 129 897
129 45 897
117 125 596
125 117 596
13 146 524
146 13 524
129 8 741
8 129 741
165 109 243
109 165 243
29 62 131
62 29 131
107 84 779
84 107 779
161 16 756
16 161 756
152 115 406
115 152 406
38 86 286
86 38 286
199 131 168
131 199 168
96 1 493
1 96 493
91 14 840
14 91 840
166 95 800
95 166 800
58 61 661
61 58 661
100 42 524
42 100 524
183 149 608
149 183 608
113 62 776
62 113 776
20 14 292
14 20 292
25 5 330
5 25 330
63 4 14
4 63 14
30 100 215
100 30 215
74 143 829
143 74 829
65 110 525
110 65 525
17 168 738
168 17 738
77 21 180
21 77 180
0 156 82
156 0 82
159 21 696
21 159 696
135 41 511
41 135 511
178 18 116
18 178 116
107 81 72
81 107 72
72 63 573
63 72 573
86 90 916
90 86 916
115 155 978
155 115 978
191 172 499
172 191 499
128 2 72
2 128 72
59 2 828
2 59 828
92 162 601
162 92 601
188 49 442
49 188 442
50 27 460
27 50 460
165 86 294
86 165 294
36 159 109
159 36 109
160 197 751
197 160 751
28 64 707
64 28 707
157 55 831
55 157 831
55 135 785
135 55 785
126 195 388
195 126 388
105 39 302
39 105 302
105 27 303
27 105 303
98 77 682
77 98 682
110 194 768
194 110 768
155 183 279
183 155 279
15 143 77
143 15 77
166 123 341
123 166 341
24 81 949
81 24 949
6 136 284
136 6 284
191 15 231
15 191 231
130 72 871
72 130 871
31 130 250
130 31 250
133 28 880
28 133 880
14 138 226
138 14 226
133 45 9
45 133 9
164 61 505
61 164 505
40 27 628
27 40 628
132 51 709
51 132 709
80 57 598
57 80 598
164 48 365
48 164 365
146 178 837
178 146 837
16 161 967
161 16 967
18 46 196
46 18 196
49 60 686
60 49 686
74 146 732
146 74 732
35 110 145
110 35 145
91 102 972
102 91 972
118 34 623
34 118 623
179 67 632
67 179 632
128 31 81
31 128 81
92 177 411
177 92 411
128 146 573
146 128 573
47 116 219
116 47 219
194 165 32
165 194 32
79 191 130
191 79 130
162 26 440
26 162 440
106 117 94
117 106 94
29 188 728
188 29 728
3 119 995
119 3 995
35 47 178
47 35 178
67 91 508
91 67 508
77 171 206
171 77 206
49 18 522
18 49 522
20 12 39
12 20 39
3 44 630
44 3 630
132 158 9
158 132 9
123 17 326
17 123 326
16 198 266
198 16 266
95 2 185
2 95 185
42 37 384
37 42 384
19 104 875
104 19 875
78 181 847
181 78 847
83 183 617
183 83 617
156 155 382
155 156 382
194 110 178
110 194 178
176 42 88
42 176 88
184 117 905
117 184 905
61 85 304
85 61 304
127 180 906
180 127 906
63 22 695
22 63 695
47 194 751
194 47 751
121 72 484
72 121 484
119 108 467
108 119 467
88 16 974
16 88 974
69 11 684
11 69 684
198 139 78
139 198 78
85 123 595
123 85 595
142 136 680
136 142 680
45 63 413
63 45 413
102 127 435
127 102 435
148 126 981
126 148 981
98 199 206
199 98 206
181 71 666
71 181 666
0 159 882
159 0 882
125 180 245
180 125 245
9 178 384
178 9 384
86 15 659
15 86 659
33 157 396
157 33 396
64 154 211
154 64 211
76 8 290
8 76 290
63 156 16
156 63 16
43 54 616
54 43 616
0 188 287
188 0 287
65 188 998
188 65 998
147 113 130
113 147 130
191 74 860
74 191 860
127 113 275
113 127 275
185 146 633
146 185 633
132 162 587
162 132 587
143 39 396
39 143 396
32 102 104
102 32 104
0 97 111
97 0 111
15 50 899
50 15 899
53 67 639
67 53 639
2 14 304
14 2 304
131 158 579
158 131 579
190 37 244
37 190 244
16 22 190
22 16 190
48 107 504
107 48 504
187 50 543
50 187 543
134 34 797
34 134 797
189 34 247
34 189 247
99 1 97
1 99 97
197 6 364
6 197 364
187 8 931
8 187 931
91 139 41
139 91 41
21 81 78
81 21 78
64 98 52
98 64 52
5 98 711
98 5 711
108 37 561
37 108 561
3 171 948
171 3 948
199 161 182
161 199 182
45 12 936
12 45 936
93 10 142
10 93 142
9 149 503
149 9 503
91 40 794
40 91 794
131 61 876
61 131 876
160 77 726
77 160 726
163 82 624
82 163 624
74 143 862
143 74 862
186 146 185
146 186 185
133 145 346
145 133 346
67 143 159
143 67 159
2 188 521
188 2 521
95 197 422
197 95 422
197 88 463
88 197 463
191 171 276
171 191 276
18 83 106
83 18 106
143 47 788
47 143 788
166 73 531
73 166 531
179 59 229
59 179 229
164 145 975
145 164 975
61 12 70
12 61 70
171 166 258
166 171 258
91 13 608
13 91 608
113 11 48
11 113 48
127 154 620
154 127 620
154 172 455
172 154 455
59 67 902
67 59 902
199 33 727
33 199 727
81 13 787
13 81 787
110 177 732
177 110 732
84 190 96
190 84 96
105 162 814
162 105 814
162 5 27
5 162 27
121 70 590
70 121 590
169 197 296
197 169 296
140 104 20
104 140 20
194 163 487
163 194 487
48 162 673
162 48 673
174 44 86
44 174 86
112 154 615
154 112 615
195 190 605
190 195 605
90 47 919
47 90 919
55 161 725
161 55 725
34 83 795
83 34 795
175 4 945
4 175 945
71 144 449
144 71 449
42 90 764
90 42 764
129 138 679
138 129 679
1 65 75
65 1 75
38 177 829
177 38 829
4 173 971
173 4 971
160 15 570
15 160 570
79 23 531
23 79 531
3 57 814
57 3 814
149 32 818
32 149 818
93 55 514
55 93 514
93 50 5
50 93 5
57 179 895
179 57 895
135 132 912
132 135 912
161 122 490
122 161 490
189 126 415
126 189 415
111 86 782
86 111 782
80 117 405
117 80 405
10 72 662
72 10 662
176 22 847
22 176 847
145 67 254
67 145 254
59 161 904
161 59 904
15 170 635
170 15 635
61 57 767
57 61 767
173 18 89
18 173 89
14 159 567
159 14 567
28 22 806
22 28 806
9 54 723
54 9 723
166 16 396
16 166 396
27 192 618
192 27 618
25 90 685
90 25 685
31 101 398
101 31 398
86 116 168
116 86 168
121 129 377
129 121 377
39 54 395
54 39 395
80 68 106
68 80 106
46 48 128
48 46 128
51 10 382
10 51 382
174 176 399
176 174 399
169 155 343
155 169 343
138 181 33
181 138 33
174 164 334
164 174 334
172 50 602
50 172 602
91 171 732
171 91 732
20 163 986
163 20 986
166 43 207
43 166 207
72 89 455
89 72 455
199 93 865
93 199 865
133 19 193
19 133 193
83 140 749
140 83 749
25 78 82
78 25 82
10 4 446
4 10 446
95 128 96
128 95 96
97 20 20
20 97 20
180 192 983
192 180 983
117 158 426
158 117 426
123 30 267
30 123 267
130 182 312
182 130 312
146 67 931
67 146 931
139 150 871
150 139 871
87 127 101
127 87 101
120 89 306
89 120 306
165 185 234
185 165 234
12 82 406
82 12 406
183 14 198
14 183 198
165 131 357
131 165 357
142 7 339
7 142 339
161 89 273
89 161 273
72 35 540
35 72 540
3 126 242
126 3 242
25 165 722
165 25 722
126 85 11
85 126 11
31 2 796
2 31 796
64 15 30
15 64 30
70 198 796
198 70 796
19 116 728
116 19 728
175 10 87
10 175 87
66 171 976
171 66 976
138 196 611
196 138 611
30 151 890
151 30 890
71 176 855
176 71 855
144 102 941
102 144 941
155 133 943
133 155 943
102 150 310
150 102 310
84 20 61
20 84 61
79 39 529
39 79 529
158 167 139
167 158 139
44 185 863
185 44 863
171 123 11
123 171 11
134 105 162
105 134 162
23 177 538
177 23 538
77 73 593
73 77 593
17 28 926
28 17 926
112 83 828
83 112 828
21 167 648
167 21 648
33 198 640
198 33 640
161 157 159
157 161 159
52 153 544
153 52 544
114 125 419
125 114 419
124 59 325
59 124 325
37 82 854
82 37 854
174 159 727
159 174 727
118 129 308
129 118 308
196 193 391
193 196 391
23 166 710
166 23 710
23 0 708
0 23 708
62 113 817
113 62 817
172 165 771
165 172 771
67 79 896
79 67 896
37 155 155
155 37 155
161 144 789
144 161 789
166 71 300
71 166 300
45 189 629
189 45 629
152 185 774
185 152 774
94 9 341
9 94 341
155 32 741
32 155 741
14 46 854
46 14 854
31 170 820
170 31 820
1 37 851
37 1 851
96 74 959
74 96 959
2 188 303
188 2 303
190 106 774
106 190 774
89 151 964
151 89 964
70 55 501
55 70 501
43 101 510
101 43 510
183 8 342
8 183 342
75 23 340
23 75 340
129 54 310
54 129 310
100 55 499
55 100 499
102 103 326
103 102 326
12 105 466
105 12 466
67 95 772
95 67 772
40 136 676
136 40 676
155 6 483
6 155 483
56 50 937
50 56 937
117 185 745
185 117 745
11 61 968
61 11 968
150 142 422
142 150 422
12 194 229
194 12 229
110 96 932
96 110 932
35 61 389
61 35 389
100 128 684
128 100 684
24 168 173
168 24 173
99 76 779
76 99 779
133 84 629
84 133 629
69 1 767
1 69 767
14 164 228
164 14 228
181 67 570
67 181 570
155 79 964
79 155 964
135 141 612
141 135 612
19 177 473
177 19 473
7 29 201
29 7 201
43 5 922
5 43 922
15 56 950
56 15 950
145 190 786
190 145 786
126 59 587
59 126 587
92 25 104
25 92 104
119 7 971
7 119 971
40 114 202
114 40 202
155 1 943
1 155 943
166 20 872
20 166 872
191 180 102
180 191 102
143 23 107
23 143 107
64 190 564
190 64 564
165 135 306
135 165 306
150 61 565
61 150 565
89 153 143
153 89 143
192 24 950
24 192 950
114 64 816
64 114 816
115 171 617
171 115 617
57 138 990
138 57 990
129 81 970
81 129 970
182 24 945
24 182 945
40 41 735
41 40 735
3 6 822
6 3 822
60 109 836
109 60 836
177 198 189
198 177 189
119 142 166
142 119 166
20 56 982
56 20 982
35 123 954
123 35 954
3 180 44
180 3 44
192 61 725
61 192 725
113 43 549
43 113 549
57 84 142
84 57 142
143 39 749
39 143 749
165 100 210
100 165 210
0 29 408
29 0 408
140 148 502
148 140 502
105 168 110
168 105 110
39 155 433
155 39 433
192 158 765
158 192 765
35 103 627
103 35 627
159 168 822
168 159 822
59 26 458
26 59 458
1 169 98
169 1 98
101 86 750
86 101 750
110 38 979
38 110 979
69 131 279
131 69 279
122 188 247
188 122 247
31 27 402
27 31 402
15 19 712
19 15 712
179 6 167
6 179 167
157 165 736
165 157 736
131 177 362
177 131 362
188 178 483
178 188 483
37 31 922
31 37 922
138 141 512
141 138 512
68 162 443
162 68 443
146 84 232
84 146 232
192 115 859
115 192 859
145 82 631
82 145 631
9 61 237
61 9 237
175 171 755
171 175 755
110 54 732
54 110 732
23 42 662
42 23 662
58 32 293
32 58 293
131 170 186
170 131 186
42 39 748
39 42 748
85 137 832
137 85 832
68 82 899
82 68 899
126 27 381
27 126 381
156 188 394
188 156 394
193 164 565
164 193 565
99 26 419
26 99 419
30 2 414
2 30 414
43 12 998
12 43 998
135 95 568
95 135 568
72 89 159
89 72 159
19 174 697
174 19 697
50 194 131
194 50 131
100 121 510
121 100 510
80 29 899
29 80 899
73 174 815
174 73 815
190 73 993
73 190 993
160 55 147
55 160 147
173 98 759
98 173 759
170 185 806
185 170 806
90 57 96
57 90 96
0 76 422
76 0 422
48 78 17
78 48 17
178 137 489
137 178 489
10 118 739
118 10 739
84 93 553
93 84 553
74 166 545
166 74 545
34 174 692
174 34 692
160 72 802
72 160 802
82 58 608
58 82 608
124 115 55
115 124 55
125 144 476
144 125 476
125 174 492
174 125 492
104 105 581
105 104 581
144 115 500
115 144 500
82 199 945
199 82 945
186 25 663
25 186 663
82 12 837
12 82 837
125 124 310
124 125 310
127 6 920
6 127 920
86 83 987
83 86 987
92 160 931
160 92 931
167 85 58
85 167 58
11 141 163
141 11 163
191 85 830
85 191 830
42 119 982
119 42 982
186 57 159
57 186 159
49 140 971
140 49 971
37 65 495
65 37 495
98 144 454
144 98 454
17 182 489
182 17 489
4 74 49
74 4 49
86 194 334
194 86 334
95 5 28
5 95 28
57 196 265
196 57 265
39 191 785
191 39 785
20 177 842
177 20 842
178 133 902
133 178 902
168 199 748
199 168 748
66 95 201
95 66 201
84 78 689
78 84 689
40 104 89
104 40 89
126 98 775
98 126 775
174 55 802
55 174 802
183 52 66
52 183 66
22 195 202
195 22 202
194 172 396
172 194 396
125 103 729
103 125 729
26 23 680
23 26 680
173 89 176
89 173 176
126 125 806
125 126 806
166 165 862
165 166 862
55 44 113
44 55 113
181 18 168
18 181 168
182 1 572
1 182 572
199 24 367
24 199 367
1 18 892
18 1 892
148 95 147
95 148 147
76 121 970
121 76 970
108 95 859
95 108 859
35 173 585
173 35 585
192 139 550
139 192 550
53 146 146
146 53 146
117 127 764
127 117 764
85 61 718
61 85 718
56 61 742
61 56 742
175 14 312
14 175 312
66 162 8
162 66 8
12 190 81
190 12 81
181 98 928
98 181 928
39 85 101
85 39 101
175 77 993
77 175 993
77 83 339
83 77 339
22 0 619
0 22 619
138 37 280
37 138 280
55 46 93
46 55 93
148 21 259
21 148 259
11 87 173
87 11 173
170 99 564
99 170 564
51 32 814
32 51 814
130 23 452
23 130 452
31 199 929
199 31 929
175 28 164
28 175 164
113 50 565
50 113 565
83 140 2
140 83 2
115 147 400
147 115 400
7 95 421
95 7 421
18 59 308
59 18 308
190 29 559
29 190 559
105 32 791
32 105 791
71 163 567
163 71 567
74 146 766
146 74 766
2 121 994
121 2 994
166 34 396
34 166 396
82 70 89
70 82 89
35 185 436
185 35 436
35 144 884
144 35 884
55 162 743
162 55 743
115 105 724
105 115 724
25 162 557
162 25 557
168 185 872
185 168 872
134 59 418
59 134 418
99 62 539
62 99 539
44 180 925
180 44 925
191 14 195
14 191 195
31 1 332
1 31 332
67 188 77
188 67 77
102 44 391
44 102 391
44 111 448
111 44 448
119 136 811
136 119 811
27 56 996
56 27 996
98 190 808
190 98 808
115 89 822
89 115 822
5 85 554
85 5 554
130 29 568
29 130 568
76 60 569
60 76 569
160 79 958
79 160 958
36 181 154
181 36 154
178 177 817
177 178 817
26 97 505
97 26 505
188 124 362
124 188 362
135 175 952
175 135 952
142 42 394
42 142 394
163 48 31
48 163 31
68 130 260
130 68 260
35 158 873
158 35 873
156 118 952
118 156 952
65 106 734
106 65 734
170 85 311
85 170 311
138 63 408
63 138 408
42 3 285
3 42 285
155 138 460
138 155 460
59 33 702
33 59 702
4 148 902
148 4 902
34 17 632
17 34 632
46 4 791
4 46 791
118 112 61
112 118 61
69 177 168
177 69 168
2 99 853
99 2 853
65 37 268
37 65 268
24 32 871
32 24 871
108 139 9
139 108 9
119 198 194
198 119 194
21 2 543
2 21 543
122 189 312
189 122 312
106 35 716
35 106 716
48 153 29
153 48 29
108 174 558
174 108 558
75 129 458
129 75 458
79 194 247
194 79 247
146 18 431
18 146 431
16 79 371
79 16 371
177 198 721
198 177 721
122 171 524
171 122 524
64 46 865
46 64 865
127 152 300
152 127 300
195 152 405
152 195 405
175 60 779
60 175 779
132 88 508
88 132 508
141 167 902
167 141 902
140 66 73
66 140 73
170 34 952
34 170 952
92 11 350
11 92 350
13 134 674
134 13 674
88 150 120
150 88 120
152 30 24
30 152 24
51 25 176
25 51 176
7 0 988
0 7 988
185 84 276
84 185 276
93 26 596
26 93 596
146 166 214
166 146 214
170 88 648
88 170 648
121 181 612
181 121 612
23 146 298
146 23 298
96 34 248
34 96 248
167 138 830
138 167 830
190 141 55
141 190 55
117 148 7
148 117 7
104 133 892
133 104 892
132 178 518
178 132 518
127 77 836
77 127 836
92 47 924
47 92 924
139 169 857
169 139 857
150 144 3
144 150 3
47 40 589
40 47 589
47 159 127
159 47 127
76 149 268
149 76 268
83 66 768
66 83 768
89 122 702
122 89 702
180 54 632
54 180 632
49 133 109
133 49 109
36 25 557
25 36 557
112 117 278
117 112 278
168 67 622
67 168 622
171 67 614
67 171 614
159 114 373
114 159 373
86 142 274
142 86 274
105 25 492
25 105 492
73 67 14
67 73 14
126 199 821
199 126 821
157 49 154
49 157 154
66 37 932
37 66 932
174 149 449
149 174 449
51 118 668
118 51 668
72 41 535
41 72 535
37 0 1
0 37 1
9 38 544
38 9 544
34 96 569
96 34 569
125 121 436
121 125 436
90 47 36
47 90 36
110 4 237
4 110 237
16 22 874
22 16 874
147 148 576
148 147 576
147 199 494
199 147 494
166 23 335
23 166 335
101 12 687
12 101 687
101 173 678
173 101 678
44 7 574
7 44 574
165 84 495
84 165 495
152 175 142
175 152 142
187 37 498
37 187 498
175 53 673
53 175 673
1 152 573
152 1 573
176 99 125
99 176 125
21 66 300
66 21 300
155 119 713
119 155 713
193 172 86
172 193 86
70 17 46
17 70 46
43 134 730
134 43 730
137 86 857
86 137 857
30 26 895
26 30 895
80 153 348
153 80 348
104 154 501
154 104 501
76 82 152
82 76 152
0 103 970
103 0 970
100 58 841
58 100 841
12 4 414
4 12 414
49 74 583
74 49 583
46 118 917
118 46 917
176 7 555
7 176 555
184 190 181
190 184 181
78 70 735
70 78 735
178 126 441
126 178 441
30 2 524
2 30 524
133 3 827
3 133 827
103 55 38
55 103 38
95 19 842
19 95 842
108 68 916
68 108 916
42 67 186
67 42 186
158 195 146
195 158 146
65 179 936
179 65 936
45 58 758
58 45 758
131 188 284
188 131 284
124 18 438
18 124 438
47 151 993
151 47 993
25 6 248
6 25 248
14 102 619
102 14 619
55 10 840
10 55 840
123 53 307
53 123 307
60 163 102
163 60 102
157 28 81
28 157 81
44 26 491
26 44 491
1 109 679
109 1 679
36 33 497
33 36 497
26 32 801
32 26 801
18 10 207
10 18 207
18 24 909
24 18 909
36 32 672
32 36 672
75 107 77
107 75 77
181 119 40
119 181 40
34 77 821
77 34 821
115 121 599
121 115 599
157 75 108
75 157 108
36 111 494
111 36 494
84 89 278
89 84 278
84 108 288
108 84 288
43 78 265
78 43 265
151 114 697
114 151 697
22 142 556
142 22 556
50 123 675
123 50 675
90 110 552
110 90 552
62 25 474
25 62 474
60 134 549
134 60 549
119 170 412
170 119 412
164 7 502
7 164 502
194 43 162
43 194 162
33 86 640
86 33 640
97 190 554
190 97 554
145 164 96
164 145 96
100 15 572
15 100 572
175 57 82
57 175 82
78 119 59
119 78 59
151 131 993
131 151 993
99 50 916
50 99 916
63 167 675
167 63 675
164 161 718
161 164 718
125 194 957
194 125 957
164 44 947
44 164 947
69 141 711
141 69 711
117 42 326
42 117 326
40 169 183
169 40 183
73 47 454
47 73 454
131 151 385
151 131 385
75 50 788
50 75 788
142 65 155
65 142 155
16 29 468
29 16 468
134 106 662
106 134 662
90 22 58
22 90 58
188 92 1000
92 188 1000
98 9 394
9 98 394
176 1 563
1 176 563
110 74 762
74 110 762
164 5 113
5 164 113
148 32 516
32 148 516
135 175 381
175 135 381
41 191 563
191 41 563
108 77 869
77 108 869
122 119 292
119 122 292
179 107 736
107 179 736
130 6 297
6 130 297
123 134 898
134 123 898
37 44 972
44 37 972
199 160 929
160 199 929
111 109 761
109 111 761
26 196 736
196 26 736
7 38 880
38 7 880
121 98 557
98 121 557
189 20 77
20 189 77
32 152 736
152 32 736
167 82 894
82 167 894
63 6 228
6 63 228
160 195 625
195 160 625
83 194 185
194 83 185
11 106 294
106 11 294
172 84 443
84 172 443
59 43 433
43 59 433
90 164 731
164 90 731
47 106 352
106 47 352
75 138 704
138 75 704
162 106 786
106 162 786
56 121 344
121 56 344
83 34 940
34 83 940
59 117 686
117 59 686
44 81 992
81 44 992
89 5 429
5 89 429
131 64 672
64 131 672
163 107 989
107 163 989
94 106 895
106 94 895
197 133 33
133 197 33
100 95 491
95 100 491
37 151 213
151 37 213
133 187 799
187 133 799
24 46 868
46 24 868
109 90 349
90 109 349
53 180 354
180 53 354
81 63 971
63 81 971
104 27 430
27 104 430
92 73 936
73 92 936
186 22 269
22 186 269
171 74 164
74 171 164
61 111 516
111 61 516
25 196 903
196 25 903
175 20 301
20 175 301
43 130 192
130 43 192
143 183 924
183 143 924
49 16 587
16 49 587
171 120 966
120 171 966
0 165 791
165 0 791
135 103 413
103 135 413
3 74 887
74 3 887
118 88 351
88 118 351
33 113 499
113 33 499
87 89 920
89 87 920
140 84 2
84 140 2
131 27 737
27 131 737
6 76 905
76 6 905
192 47 177
47 192 177
110 47 542
47 110 542
100 182 246
182 100 246
65 137 672
137 65 672
103 56 960
56 103 960
5 41 674
41 5 674
104 81 315
81 104 315
175 173 399
173 175 399
176 104 626
104 176 626
112 62 55
62 112 55
16 54 302
54 16 302
192 164 502
164 192 502
86 17 236
17 86 236
83 82 774
82 83 774
154 137 982
137 154 982
66 143 375
143 66 375
139 47 208
47 139 208
5 22 781
22 5 781
3 150 637
150 3 637
180 14 699
14 180 699
34 182 906
182 34 906
88 126 222
126 88 222
189 12 439
12 189 439
24 47 673
47 24 673
149 2 811
2 149 811
130 68 906
68 130 906
57 159 753
159 57 753
64 164 327
164 64 327
197 119 277
119 197 277
33 99 691
99 33 691
84 86 473
86 84 473
189 174 799
174 189 799
162 163 564
163 162 564
1 187 11
187 1 11
25 89 165
89 25 165
187 19 633
19 187 633
92 28 144
28 92 144
196 93 660
93 196 660
122 42 579
42 122 579
150 75 231
75 150 231
192 111 669
111 192 669
64 100 843
100 64 843
15 63 958
63 15 958
178 16 897
16 178 897
140 193 786
193 140 786
105 133 958
133 105 958
89 25 786
25 89 786
185 174 831
174 185 831
44 48 873
48 44 873
175 199 901
199 175 901
157 191 612
191 157 612
25 8 265
8 25 265
19 23 80
23 19 80
128 153 848
153 128 848
24 45 241
45 24 241
162 150 126
150 162 126
119 192 704
192 119 704
104 177 78
177 104 78
135 173 926
173 135 926
159 148 877
148 159 877
59 105 621
105 59 621
23 82 629
82 23 629
87 53 404
53 87 404
118 181 509
181 118 509
165 6 954
6 165 954
157 168 257
168 157 257
83 39 401
39 83 401
186 143 178
143 186 178
63 30 951
30 63 951
140 190 652
190 140 652
17 1 509
1 17 509
189 24 192
24 189 192
17 63 245
63 17 245
172 181 979
181 172 979
80 146 585
146 80 585
185 104 905
104 185 905
193 139 544
139 193 544
193 125 639
125 193 639
170 140 670
140 170 670
73 80 212
80 73 212
124 49 165
49 124 165
32 38 142
38 32 142
175 7 405
7 175 405
172 179 739
179 172 739
150 11 285
11 150 285
134 197 341
197 134 341
190 79 534
79 190 534
184 4 524
4 184 524
106 144 193
144 106 193
131 177 756
177 131 756
55 178 273
178 55 273
40 17 414
17 40 414
15 176 818
176 15 818
187 156 556
156 187 556
137 167 193
167 137 193
23 116 885
116 23 885
13 59 565
59 13 565
98 195 921
195 98 921
22 101 18
101 22 18
166 33 547
33 166 547
74 40 725
40 74 725
146 80 94
80 146 94
159 48 471
48 159 471
128 187 427
187 128 427
36 125 746
125 36 746
180 100 815
100 180 815
64 66 274
66 64 274
180 164 869
164 180 869
53 138 522
138 53 522
22 57 755
57 22 755
168 131 148
131 168 148
92 29 380
29 92 380
138 188 28
188 138 28
8 68 616
68 8 616
186 104 293
104 186 293
83 36 793
36 83 793
97 101 811
101 97 811
170 81 176
81 170 176
190 134 466
134 190 466
112 156 875
156 112 875
18 76 806
76 18 806
165 121 235
121 165 235
145 59 575
59 145 575
124 67 996
67 124 996
139 53 52
53 139 52
183 136 289
136 183 289
176 186 590
186 176 590
186 156 223
156 186 223
113 99 110
99 113 110
131 11 618
11 131 618
5 29 295
29 5 295
163 147 216
147 163 216
149 44 827
44 149 827
76 168 894
168 76 894
71 60 899
60 71 899
122 43 587
43 122 587
10 171 773
171 10 773
151 110 82
110 151 82
174 175 381
175 174 381
35 106 544
106 35 544
52 64 325
64 52 325
98 27 872
27 98 872
113 128 916
128 113 916
91 4 837
4 91 837
184 75 897
75 184 897
34 198 740
198 34 740
21 160 512
160 21 512
145 112 374
112 145 374
26 38 149
38 26 149
158 73 8
73 158 8
101 77 472
77 101 472
178 176 51
176 178 51
49 41 979
41 49 979
117 133 536
133 117 536
153 117 11
117 153 11
49 104 161
104 49 161
140 77 922
77 140 922
51 22 586
22 51 586
24 1 376
1 24 376
125 111 49
111 125 49
132 165 926
165 132 926
3 143 302
143 3 302
5 192 96
192 5 96
135 61 429
61 135 429
70 14 898
14 70 898
33 63 402
63 33 402
193 4 879
4 193 879
66 7 454
7 66 454
3 184 855
184 3 855
178 109 166
109 178 166
26 41 931
41 26 931
104 196 826
196 104 826
157 1 19
1 157 19
52 88 480
88 52 480
80 159 47
159 80 47
130 192 262
192 130 262
131 137 866
137 131 866
162 4 426
4 162 426
15 159 962
159 15 962
69 138 271
138 69 271
186 116 64
116 186 64
69 172 460
172 69 460
46 130 213
130 46 213
64 134 301
134 64 301
96 167 612
167 96 612
94 97 804
97 94 804
155 28 94
28 155 94
173 142 50
142 173 50
198 157 609
157 198 609
111 178 147
178 111 147
181 117 416
117 181 416
44 186 988
186 44 988
55 184 870
184 55 870
67 49 805
49 67 805
119 97 924
97 119 924
131 143 421
143 131 421
86 98 401
98 86 401
179 23 744
23 179 744
28 173 253
173 28 253
189 84 432
84 189 432
135 65 149
65 135 149
102 61 687
61 102 687
90 116 871
116 90 871
111 135 72
135 111 72
67 7 121
7 67 121
190 138 64
138 190 64
162 24 515
24 162 515
163 156 338
156 163 338
58 184 312
184 58 312
110 173 396
173 110 396
141 61 214
61 141 214
41 163 475
163 41 475
127 5 344
5 127 344
150 117 31
117 150 31
21 184 838
184 21 838
94 127 376
127 94 376
109 89 153
89 109 153
23 4 909
4 23 909
161 14 45
14 161 45
24 125 171
125 24 171
19 18 432
18 19 432
32 12 947
12 32 947
59 139 705
139 59 705
2 41 574
41 2 574
32 15 358
15 32 358
22 109 37
109 22 37
149 170 679
170 149 679
101 194 683
194 101 683
161 107 498
107 161 498
6 131 375
131 6 375
176 150 393
150 176 393
159 135 405
135 159 405
57 194 97
194 57 97
161 148 690
148 161 690
134 132 905
132 134 905
44 154 566
154 44 566
80 104 737
104 80 737
158 157 283
157 158 283
193 119 190
119 193 190
42 77 121
77 42 121
16 53 823
53 16 823
160 164 510
164 160 510
117 21 656
21 117 656
165 183 604
183 165 604
54 117 737
117 54 737
111 113 243
113 111 243
76 194 499
194 76 499
164 104 657
104 164 657
46 97 976
97 46 976
187 139 853
139 187 853
59 107 458
107 59 458
34 68 222
68 34 222
143 185 443
185 143 443
199 150 178
150 199 178
2 156 648
156 2 648
90 67 561
67 90 561
133 96 955
96 133 955
31 60 212
60 31 212
39 59 661
59 39 661
14 198 153
198 14 153
18 58 60
58 18 60
27 92 480
92 27 480
48 187 817
187 48 817
43 186 167
186 43 167
20 141 924
141 20 924
67 31 343
31 67 343
28 116 639
116 28 639
134 100 252
100 134 252
97 91 463
91 97 463
158 58 461
58 158 461
110 76 71
76 110 71
121 104 115
104 121 115
1 104 103
104 1 103
17 99 689
99 17 689
136 120 182
120 136 182
11 139 966
139 11 966
153 119 282
119 153 282
144 6 334
6 144 334
147 103 426
103 147 426
9 61 884
61 9 884
21 123 912
123 21 912
92 197 968
197 92 968
6 150 625
150 6 625
108 119 324
119 108 324
149 55 596
55 149 596
130 18 736
18 130 736
95 124 7
124 95 7
129 68 13
68 129 13
14 167 317
167 14 317
191 176 930
176 191 930
26 197 6
197 26 6
138 89 603
89 138 603
57 48 553
48 57 553
81 108 672
108 81 672
5 57 480
57 5 480
0 140 250
140 0 250
87 187 974
187 87 974
94 116 994
116 94 994
58 83 561
83 58 561
126 74 489
74 126 489
56 101 887
101 56 887
13 191 528
191 13 528
15 48 176
48 15 176
119 130 637
130 119 637
142 87 894
87 142 894
21 87 186
87 21 186
23 127 774
127 23 774
196 173 642
173 196 642
142 183 125
183 142 125
102 110 1000
110 102 1000
191 118 853
118 191 853
29 131 244
131 29 244
156 98 844
98 156 844
84 17 574
17 84 574
120 159 813
159 120 813
165 133 101
133 165 101
151 156 580
156 151 580
124 104 905
104 124 905
165 46 88
46 165 88
42 101 798
101 42 798
41 44 668
44 41 668
45 73 999
73 45 999
40 181 97
181 40 97
83 17 866
17 83 866
9 137 978
137 9 978
21 55 263
55 21 263
73 6 971
6 73 971
4 82 75
82 4 75
108 47 274
47 108 274
196 89 775
89 196 775
145 82 771
82 145 771
13 79 444
79 13 444
11 119 377
119 11 377
60 155 395
155 60 395
77 116 484
116 77 484
54 137 539
137 54 539
68 163 97
163 68 97
38 167 579
167 38 579
65 76 627
76 65 627
138 24 68
24 138 68
64 169 903
169 64 903
34 182 982
182 34 982
29 146 254
146 29 254
5 158 561
158 5 561
151 35 477
35 151 477
35 42 814
42 35 814
125 110 377
110 125 377
22 101 97
101 22 97
0 166 173
166 0 173
178 104 397
104 178 397
46 168 918
168 46 918
148 2 701
2 148 701
81 183 799
183 81 799
86 188 957
188 86 957
46 92 744
92 46 744
122 127 786
127 122 786
136 52 49
52 136 49
64 26 150
26 64 150
160 27 868
27 160 868
84 5 772
5 84 772
32 51 692
51 32 692
150 151 46
151 150 46
2 185 629
185 2 629
0 71 169
71 0 169
108 70 61
70 108 61
51 192 140
192 51 140
189 80 593
80 189 593
189 97 219
97 189 219
90 57 598
57 90 598
157 94 4
94 157 4
128 126 207
126 128 207
19 28 111
28 19 111
16 30 696
30 16 696
44 30 919
30 44 919
12 90 989
90 12 989
73 142 734
142 73 734
12 83 614
83 12 614
156 72 711
72 156 711
127 162 121
162 127 121
124 119 15
119 124 15
79 199 493
199 79 493
86 170 122
170 86 122
148 186 952
186 148 952
195 30 135
30 195 135
113 194 625
194 113 625
54 67 519
67 54 519
187 32 602
32 187 602
0 140 626
140 0 626
63 19 388
19 63 388
183 96 459
96 183 459
149 175 258
175 149 258
41 13 180
13 41 180
162 161 566
161 162 566
66 108 748
108 66 748
152 22 543
22 152 543
128 28 10
28 128 10
47 167 994
167 47 994
0 119 87
119 0 87
26 182 506
182 26 506
165 153 177
153 165 177
66 81 786
81 66 786
108 94 966
94 108 966
22 8 883
8 22 883
40 116 631
116 40 631
192 90 173
90 192 173
121 70 534
70 121 534
120 37 528
37 120 528
72 157 966
157 72 966
50 91 823
91 50 823
16 9 377
9 16 377
144 75 258
75 144 258
129 183 304
183 129 304
46 158 112
158 46 112
129 198 381
198 129 381
159 191 23
191 159 23
131 64 294
64 131 294
16 184 531
184 16 531
95 56 40
56 95 40
60 107 132
107 60 132
83 75 941
75 83 941
59 19 968
19 59 968
68 100 152
100 68 152
171 99 310
99 171 310
35 28 860
28 35 860
15 139 651
139 15 651
37 22 915
22 37 915
82 38 51
38 82 51
13 134 708
134 13 708
4 194 567
194 4 567
135 29 642
29 135 642
27 40 813
40 27 813
147 108 865
108 147 865
98 32 764
32 98 764
159 67 744
67 159 744
18 34 83
34 18 83
21 23 657
23 21 657
87 106 296
106 87 296
138 71 230
71 138 230
197 75 776
75 197 776
163 157 157
157 163 157
142 197 321
197 142 321
89 58 537
58 89 537
139 42 653
42 139 653
50 109 396
109 50 396
21 95 831
95 21 831
42 70 487
70 42 487
81 176 134
176 81 134
19 199 715
199 19 715
168 75 843
75 168 843
83 190 600
190 83 600
191 132 149
132 191 149
111 22 207
22 111 207
0 113 849
113 0 849
52 164 910
164 52 910
47 185 957
185 47 957
29 179 228
179 29 228
116 60 956
60 116 956
1 32 556
32 1 556
116 0 183
0 116 183
158 84 773
84 158 773
157 27 905
27 157 905
