0 1 266
1 0 266
1 2 266
2 1 266
2 3 29
3 2 29
3 4 21
4 3 21
4 5 176
5 4 176
5 6 790
6 5 790
6 7 314
7 6 314
7 8 436
8 7 436
8 9 375
9 8 375
9 10 398
10 9 398
10 11 547
11 10 547
11 12 485
12 11 485
12 13 751
13 12 751
13 14 198
14 13 198
14 15 697
15 14 697
15 16 608
16 15 608
16 17 565
17 16 565
17 18 491
18 17 491
18 19 57
19 18 57
19 20 791
20 19 791
20 21 128
21 20 128
21 22 367
22 21 367
22 23 261
23 22 261
23 24 973
24 23 973
24 25 52
25 24 52
25 26 274
26 25 274
26 27 475
27 26 475
27 28 793
28 27 793
28 29 437
29 28 437
29 30 619
30 29 619
30 31 714
31 30 714
31 32 54
32 31 54
32 33 885
33 32 885
33 34 94
34 33 94
34 35 75
35 34 75
35 36 412
36 35 412
36 37 883
37 36 883
37 38 388
38 37 388
38 39 199
39 38 199
39 40 609
40 39 609
40 41 785
41 40 785
41 42 745
42 41 745
42 43 93
43 42 93
43 44 887
44 43 887
44 45 294
45 44 294
45 46 789
46 45 789
46 47 494
47 46 494
47 48 858
48 47 858
48 49 632
49 48 632
49 50 902
50 49 902
50 51 1000
51 50 1000
51 52 111
52 51 111
52 53 268
53 52 268
53 54 613
54 53 613
54 55 83
55 54 83
55 56 671
56 55 671
56 57 886
57 56 886
57 58 909
58 57 909
58 59 815
59 58 815
59 60 674
60 59 674
60 61 527
61 60 527
61 62 881
62 61 881
62 63 80
63 62 80
63 64 763
64 63 763
64 65 974
65 64 974
65 66 154
66 65 154
66 67 174
67 66 174
67 68 209
68 67 209
68 69 893
69 68 893
69 70 372
70 69 372
70 71 817
71 70 817
71 72 29
72 71 29
72 73 468
73 72 468
73 74 262
74 73 262
74 75 267
75 74 267
75 76 761
76 75 761
76 77 402
77 76 402
77 78 112
78 77 112
78 79 971
79 78 971
79 80 385
80 79 385
80 81 13
81 80 13
81 82 970
82 81 970
82 83 495
83 82 495
83 84 633
84 83 633
84 85 934
85 84 934
85 86 929
86 85 929
86 87 303
87 86 303
87 88 171
88 87 171
88 89 837
89 88 837
89 90 470
90 89 470
90 91 845
91 90 845
91 92 716
92 91 716
92 93 350
93 92 350
93 94 924
94 93 924
94 95 478
95 94 478
95 96 675
96 95 675
96 97 429
97 96 429
97 98 652
98 97 652
98 99 883
99 98 883
99 100 673
100 99 673
100 101 23
101 100 23
101 102 52
102 101 52
102 103 53
103 102 53
103 104 843
104 103 843
104 105 313
105 104 313
105 106 319
106 105 319
106 107 603
107 106 603
107 108 66
108 107 66
108 109 430
109 108 430
109 110 573
110 109 573
110 111 451
111 110 451
111 112 442
112 111 442
112 113 895
113 112 895
113 114 297
114 113 297
114 115 74
115 114 74
115 116 180
116 115 180
116 117 226
117 116 226
117 118 729
118 117 729
118 119 351
119 118 351
119 120 414
120 119 414
120 121 198
121 120 198
121 122 195
122 121 195
122 123 129
123 122 129
123 124 899
124 123 899
124 125 470
125 124 470
125 126 607
126 125 607
126 127 573
127 126 573
127 128 250
128 127 250
128 129 610
129 128 610
129 130 456
130 129 456
130 131 274
131 130 274
131 132 984
132 131 984
132 133 859
133 132 859
133 134 326
134 133 326
134 135 826
135 134 826
135 136 171
136 135 171
136 137 996
137 136 996
137 138 781
138 137 781
138 139 236
139 138 236
139 140 425
140 139 425
140 141 705
141 140 705
141 142 38
142 141 38
142 143 218
143 142 218
143 144 951
144 143 951
144 145 335
145 144 335
145 146 644
146 145 644
146 147 131
147 146 131
147 148 912
148 147 912
148 149 372
149 148 372
149 150 481
150 149 481
150 151 325
151 150 325
151 152 921
152 151 921
152 153 27
153 152 27
153 154 806
154 153 806
154 155 819
155 154 819
155 156 848
156 155 848
156 157 764
157 156 764
157 158 391
158 157 391
158 159 97
159 158 97
159 160 373
160 159 373
160 161 198
161 160 198
161 162 722
162 161 722
162 163 356
163 162 356
163 164 56
164 163 56
164 165 399
165 164 399
165 166 534
166 165 534
166 167 578
167 166 578
167 168 394
168 167 394
168 169 314
169 168 314
169 170 166
170 169 166
170 171 170
171 170 170
171 172 18
172 171 18
172 173 203
173 172 203
173 174 739
174 173 739
174 175 969
175 174 969
175 176 889
176 175 889
176 177 382
177 176 382
177 178 99
178 177 99
178 179 800
179 178 800
179 180 105
180 179 105
180 181 931
181 180 931
181 182 477
182 181 477
182 183 377
183 182 377
183 184 957
184 183 957
184 185 282
185 184 282
185 186 195
186 185 195
186 187 804
187 186 804
187 188 45
188 187 45
188 189 938
189 188 938
189 190 252
190 189 252
190 191 769
191 190 769
191 192 487
192 191 487
192 193 973
193 192 973
193 194 124
194 193 124
194 195 895
195 194 895
195 196 371
196 195 371
196 197 9
197 196 9
197 198 472
198 197 472
198 199 764
199 198 764
199 200 322
200 199 322
200 201 989
201 200 989
201 202 285
202 201 285
202 203 692
203 202 692
203 204 192
204 203 192
204 205 23
205 204 23
205 206 660
206 205 660
206 207 432
207 206 432
207 208 757
208 207 757
208 209 110
209 208 110
209 210 232
210 209 232
210 211 861
211 210 861
211 212 40
212 211 40
212 213 60
213 212 60
213 214 238
214 213 238
214 215 996
215 214 996
215 216 341
216 215 341
216 217 784
217 216 784
217 218 799
218 217 799
218 219 737
219 218 737
219 220 73
220 219 73
220 221 50
221 220 50
221 222 505
222 221 505
222 223 912
223 222 912
223 224 374
224 223 374
224 225 980
225 224 980
225 226 806
226 225 806
226 227 744
227 226 744
227 228 989
228 227 989
228 229 277
229 228 277
229 230 859
230 229 859
230 231 662
231 230 662
231 232 266
232 231 266
232 233 495
233 232 495
233 234 353
234 233 353
234 235 809
235 234 809
235 236 517
236 235 517
236 237 364
237 236 364
237 238 592
238 237 592
238 239 273
239 238 273
239 240 473
240 239 473
240 241 175
241 240 175
241 242 486
242 241 486
242 243 864
243 242 864
243 244 234
244 243 234
244 245 75
245 244 75
245 246 859
246 245 859
246 247 926
247 246 926
247 248 858
248 247 858
248 249 9
249 248 9
249 250 662
250 249 662
250 251 283
251 250 283
251 252 410
252 251 410
252 253 518
253 252 518
253 254 194
254 253 194
254 255 783
255 254 783
255 256 850
256 255 850
256 257 999
257 256 999
257 258 878
258 257 878
258 259 190
259 258 190
259 260 627
260 259 627
260 261 88
261 260 88
261 262 851
262 261 851
262 263 244
263 262 244
263 264 582
264 263 582
264 265 556
265 264 556
265 266 404
266 265 404
266 267 451
267 266 451
267 268 919
268 267 919
268 269 996
269 268 996
269 270 723
270 269 723
270 271 744
271 270 744
271 272 170
272 271 170
272 273 560
273 272 560
273 274 607
274 273 607
274 275 756
275 274 756
275 276 634
276 275 634
276 277 818
277 276 818
277 278 681
278 277 681
278 279 844
279 278 844
279 280 826
280 279 826
280 281 343
281 280 343
281 282 126
282 281 126
282 283 588
283 282 588
283 284 212
284 283 212
284 285 671
285 284 671
285 286 370
286 285 370
286 287 61
287 286 61
287 288 21
288 287 21
288 289 600
289 288 600
289 290 250
290 289 250
290 291 647
291 290 647
291 292 687
292 291 687
292 293 453
293 292 453
293 294 243
294 293 243
294 295 621
295 294 621
295 296 8
296 295 8
296 297 646
297 296 646
297 298 71
298 297 71
298 299 278
299 298 278
299 300 993
300 299 993
300 301 145
301 300 145
301 302 21
302 301 21
302 303 515
303 302 515
303 304 705
304 303 705
304 305 980
305 304 980
305 306 270
306 305 270
306 307 690
307 306 690
307 308 797
308 307 797
308 309 950
309 308 950
309 310 533
310 309 533
310 311 974
311 310 974
311 312 644
312 311 644
312 313 10
313 312 10
313 314 561
314 313 561
314 315 856
315 314 856
315 316 680
316 315 680
316 317 283
317 316 283
317 318 916
318 317 916
318 319 700
319 318 700
319 320 882
320 319 882
320 321 518
321 320 518
321 322 699
322 321 699
322 323 920
323 322 920
323 324 970
324 323 970
324 325 941
325 324 941
325 326 892
326 325 892
326 327 329
327 326 329
327 328 586
328 327 586
328 329 962
329 328 962
329 330 958
330 329 958
330 331 931
331 330 931
331 332 459
332 331 459
332 333 331
333 332 331
333 334 445
334 333 445
334 335 515
335 334 515
335 336 310
336 335 310
336 337 66
337 336 66
337 338 204
338 337 204
338 339 458
339 338 458
339 340 15
340 339 15
340 341 89
341 340 89
341 342 431
342 341 431
342 343 659
343 342 659
343 344 98
344 343 98
344 345 992
345 344 992
345 346 866
346 345 866
346 347 778
347 346 778
347 348 274
348 347 274
348 349 133
349 348 133
349 350 829
350 349 829
350 351 507
351 350 507
351 352 2
352 351 2
352 353 527
353 352 527
353 354 426
354 353 426
354 355 971
355 354 971
355 356 467
356 355 467
356 357 318
357 356 318
357 358 651
358 357 651
358 359 405
359 358 405
359 360 631
360 359 631
360 361 609
361 360 609
361 362 335
362 361 335
362 363 441
363 362 441
363 364 939
364 363 939
364 365 131
365 364 131
365 366 955
366 365 955
366 367 600
367 366 600
367 368 196
368 367 196
368 369 511
369 368 511
369 370 57
370 369 57
370 371 210
371 370 210
371 372 599
372 371 599
372 373 487
373 372 487
373 374 220
374 373 220
374 375 48
375 374 48
375 376 830
376 375 830
376 377 437
377 376 437
377 378 825
378 377 825
378 379 455
379 378 455
379 380 570
380 379 570
380 381 6
381 380 6
381 382 961
382 381 961
382 383 571
383 382 571
383 384 532
384 383 532
384 385 739
385 384 739
385 386 894
386 385 894
386 387 999
387 386 999
387 388 408
388 387 408
388 389 896
389 388 896
389 390 403
390 389 403
390 391 390
391 390 390
391 392 504
392 391 504
392 393 89
393 392 89
393 394 831
394 393 831
394 395 794
395 394 794
395 396 219
396 395 219
396 397 137
397 396 137
397 398 393
398 397 393
398 399 766
399 398 766
399 400 999
400 399 999
400 401 801
401 400 801
401 402 975
402 401 975
402 403 949
403 402 949
403 404 640
404 403 640
404 405 547
405 404 547
405 406 997
406 405 997
406 407 821
407 406 821
407 408 335
408 407 335
408 409 173
409 408 173
409 410 276
410 409 276
410 411 256
411 410 256
411 412 178
412 411 178
412 413 588
413 412 588
413 414 179
414 413 179
414 415 710
415 414 710
415 416 678
416 415 678
416 417 72
417 416 72
417 418 60
418 417 60
418 419 85
419 418 85
419 420 319
420 419 319
420 421 462
421 420 462
421 422 827
422 421 827
422 423 175
423 422 175
423 424 902
424 423 902
424 425 657
425 424 657
425 426 968
426 425 968
426 427 472
427 426 472
427 428 145
428 427 145
428 429 713
429 428 713
429 430 237
430 429 237
430 431 144
431 430 144
431 432 865
432 431 865
432 433 563
433 432 563
433 434 444
434 433 444
434 435 504
435 434 504
435 436 461
436 435 461
436 437 440
437 436 440
437 438 325
438 437 325
438 439 796
439 438 796
439 440 613
440 439 613
440 441 952
441 440 952
441 442 51
442 441 51
442 443 790
443 442 790
443 444 539
444 443 539
444 445 229
445 444 229
445 446 499
446 445 499
446 447 569
447 446 569
447 448 652
448 447 652
448 449 558
449 448 558
449 450 5
450 449 5
450 451 971
451 450 971
451 452 371
452 451 371
452 453 831
453 452 831
453 454 145
454 453 145
454 455 624
455 454 624
455 456 839
456 455 839
456 457 464
457 456 464
457 458 95
458 457 95
458 459 984
459 458 984
459 460 176
460 459 176
460 461 683
461 460 683
461 462 479
462 461 479
462 463 41
463 462 41
463 464 246
464 463 246
464 465 922
465 464 922
465 466 896
466 465 896
466 467 706
467 466 706
467 468 362
468 467 362
468 469 572
469 468 572
469 470 853
470 469 853
470 471 326
471 470 326
471 472 523
472 471 523
472 473 904
473 472 904
473 474 115
474 473 115
474 475 414
475 474 414
475 476 484
476 475 484
476 477 966
477 476 966
477 478 982
478 477 982
478 479 136
479 478 136
479 480 875
480 479 875
480 481 986
481 480 986
481 482 106
482 481 106
482 483 598
483 482 598
483 484 817
484 483 817
484 485 602
485 484 602
485 486 573
486 485 573
486 487 655
487 486 655
487 488 65
488 487 65
488 489 20
489 488 20
489 490 990
490 489 990
490 491 593
491 490 593
491 492 702
492 491 702
492 493 468
493 492 468
493 494 985
494 493 985
494 495 947
495 494 947
495 496 742
496 495 742
496 497 232
497 496 232
497 498 5
498 497 5
498 499 455
499 498 455
499 0 804
0 499 804
356 131 326
131 356 326
111 97 739
97 111 739
95 62 72
62 95 72
230 289 58
289 230 58
187 238 226
238 187 226
288 310 880
310 288 880
204 329 222
329 204 222
148 383 41
383 148 41
132 181 782
181 132 782
364 185 588
185 364 588
167 394 719
394 167 719
344 5 317
5 344 317
83 100 231
100 83 231
154 182 372
182 154 372
63 369 110
369 63 110
288 9 773
9 288 773
20 66 454
66 20 454
241 214 837
214 241 837
281 347 871
347 281 871
415 63 556
63 415 556
354 82 802
82 354 802
73 426 808
426 73 808
241 9 760
9 241 760
323 16 443
16 323 443
195 79 664
79 195 664
156 220 26
220 156 26
280 240 592
240 280 592
234 333 306
333 234 306
422 114 505
114 422 505
292 381 68
381 292 68
200 236 150
236 200 150
1 161 77
161 1 77
160 254 938
254 160 938
420 77 806
77 420 806
214 272 386
272 214 386
377 429 958
429 377 958
254 61 698
61 254 698
345 295 531
295 345 531
151 70 497
70 151 497
7 214 379
214 7 379
75 266 467
266 75 467
76 268 480
268 76 480
152 280 734
280 152 734
442 200 811
200 442 811
247 266 436
266 247 436
484 496 717
496 484 717
441 250 778
250 441 778
490 96 426
96 490 426
20 99 848
99 20 848
369 106 562
106 369 562
99 33 829
33 99 829
65 110 449
110 65 449
396 114 229
114 396 229
129 408 282
408 129 282
291 156 48
156 291 48
226 492 544
492 226 544
294 286 795
286 294 795
72 276 743
276 72 743
349 149 342
149 349 342
196 18 800
18 196 800
257 469 834
469 257 834
437 34 296
34 437 296
385 282 262
282 385 262
466 263 671
263 466 671
247 54 679
54 247 679
294 133 671
133 294 671
190 427 957
427 190 957
484 351 234
351 484 234
226 200 735
200 226 735
419 396 253
396 419 253
218 6 222
6 218 222
403 443 108
443 403 108
50 181 742
181 50 742
312 499 505
499 312 505
482 246 559
246 482 559
160 392 44
392 160 44
182 434 324
434 182 324
139 418 175
418 139 175
224 496 728
496 224 728
310 267 476
267 310 476
414 338 982
338 414 982
487 241 778
241 487 778
446 292 311
292 446 311
187 456 810
456 187 810
191 438 908
438 191 908
101 450 652
450 101 652
145 484 587
484 145 587
468 475 857
475 468 857
494 51 206
51 494 206
73 361 973
361 73 973
49 275 311
275 49 311
382 262 405
262 382 405
11 208 549
208 11 549
173 395 5
395 173 5
482 438 795
438 482 795
241 40 597
40 241 597
393 37 81
37 393 81
331 357 557
357 331 557
187 351 608
351 187 608
392 277 970
277 392 970
365 326 597
326 365 597
27 60 360
60 27 360
431 72 420
72 431 420
479 245 168
245 479 168
483 80 106
80 483 106
129 321 498
321 129 498
225 66 35
66 225 35
306 397 744
397 306 744
214 437 96
437 214 96
173 329 225
329 173 225
494 46 551
46 494 551
91 74 111
74 91 111
302 357 683
357 302 683
221 337 281
337 221 281
388 172 361
172 388 361
494 302 534
302 494 534
343 379 101
379 343 101
378 37 350
37 378 350
121 251 787
251 121 787
68 425 969
425 68 969
292 419 867
419 292 867
194 362 793
362 194 793
157 164 151
164 157 151
191 238 488
238 191 488
471 126 512
126 471 512
183 472 314
472 183 314
217 316 194
316 217 194
169 46 231
46 169 231
18 19 335
19 18 335
157 440 112
440 157 112
125 84 883
84 125 883
343 131 246
131 343 246
136 288 262
288 136 262
286 479 1000
479 286 1000
125 451 627
451 125 627
136 134 951
134 136 951
302 203 119
203 302 119
347 372 165
372 347 165
429 391 537
391 429 537
263 400 329
400 263 329
226 377 413
377 226 413
109 220 44
220 109 44
354 356 332
356 354 332
467 142 664
142 467 664
467 267 967
267 467 967
445 256 953
256 445 953
395 58 157
58 395 157
14 405 29
405 14 29
30 334 272
334 30 272
418 450 672
450 418 672
246 176 901
176 246 901
159 285 122
285 159 122
54 491 478
491 54 478
238 459 473
459 238 473
401 278 592
278 401 592
367 223 348
223 367 348
319 118 406
118 319 406
475 484 663
484 475 663
356 367 998
367 356 998
479 285 800
285 479 800
3 32 476
32 3 476
403 43 614
43 403 614
24 97 457
97 24 457
2 335 916
335 2 916
326 88 694
88 326 694
417 455 769
455 417 769
265 275 740
275 265 740
22 102 724
102 22 724
185 310 943
310 185 943
34 290 581
290 34 581
333 293 965
293 333 965
160 196 508
196 160 508
125 221 957
221 125 957
82 75 645
75 82 645
349 401 233
401 349 233
395 318 41
318 395 41
163 435 668
435 163 668
402 458 622
458 402 622
478 495 933
495 478 933
420 29 223
29 420 223
352 214 516
214 352 516
316 226 64
226 316 64
323 352 637
352 323 637
132 286 712
286 132 712
276 135 465
135 276 465
360 30 136
30 360 136
400 194 423
194 400 423
67 448 381
448 67 381
189 426 728
426 189 728
473 199 757
199 473 757
195 51 323
51 195 323
62 368 550
368 62 550
125 191 754
191 125 754
114 175 40
175 114 40
177 451 27
451 177 27
142 312 58
312 142 58
129 64 604
64 129 604
51 484 52
484 51 52
284 25 479
25 284 479
11 498 530
498 11 530
120 45 81
45 120 81
294 107 449
107 294 449
195 84 493
84 195 493
300 198 168
198 300 168
339 376 472
376 339 472
366 370 636
370 366 636
275 351 700
351 275 700
378 402 36
402 378 36
281 38 561
38 281 561
111 402 911
402 111 911
140 374 956
374 140 956
221 168 915
168 221 915
169 216 500
216 169 500
13 16 50
16 13 50
181 356 278
356 181 278
4 74 648
74 4 648
139 201 351
201 139 351
190 431 106
431 190 106
226 212 644
212 226 644
138 324 398
324 138 398
401 316 772
316 401 772
208 37 793
37 208 793
123 59 9
59 123 9
474 72 525
72 474 525
375 105 733
105 375 733
153 109 659
109 153 659
152 100 360
100 152 360
3 291 143
291 3 143
108 369 708
369 108 708
103 7 532
7 103 532
353 260 848
260 353 848
124 469 738
469 124 738
268 92 297
92 268 297
276 418 721
418 276 721
153 293 827
293 153 827
237 446 788
446 237 788
396 451 241
451 396 241
107 454 532
454 107 532
250 414 753
414 250 753
309 369 112
369 309 112
340 222 873
222 340 873
39 347 342
347 39 342
128 467 786
467 128 786
424 96 704
96 424 704
497 249 849
249 497 849
175 338 148
338 175 148
462 234 599
234 462 599
54 194 905
194 54 905
85 296 819
296 85 819
337 105 40
105 337 40
301 297 263
297 301 263
173 188 962
188 173 962
366 317 929
317 366 929
151 93 525
93 151 525
206 90 626
90 206 626
54 265 965
265 54 965
53 80 551
80 53 551
151 134 745
134 151 745
407 72 393
72 407 393
77 261 498
261 77 498
117 62 295
62 117 295
379 87 336
87 379 336
340 453 653
453 340 653
268 104 598
104 268 598
145 162 189
162 145 189
270 69 306
69 270 306
86 122 738
122 86 738
137 126 725
126 137 725
233 33 797
33 233 797
126 111 410
111 126 410
123 80 973
80 123 973
270 459 412
459 270 412
105 151 366
151 105 366
109 271 970
271 109 970
206 416 633
416 206 633
246 39 202
39 246 202
404 477 176
477 404 176
141 114 802
114 141 802
365 348 688
348 365 688
13 326 651
326 13 651
423 301 731
301 423 731
247 71 542
71 247 542
158 28 693
28 158 693
23 137 464
137 23 464
345 196 733
196 345 733
329 442 124
442 329 124
382 198 601
198 382 601
57 340 716
340 57 716
211 57 916
57 211 916
398 423 594
423 398 594
48 346 895
346 48 895
278 445 467
445 278 467
319 455 347
455 319 347
363 331 485
331 363 485
178 176 533
176 178 533
262 357 327
357 262 327
385 239 526
239 385 526
486 148 218
148 486 218
53 359 775
359 53 775
320 109 698
109 320 698
265 157 396
157 265 396
159 287 193
287 159 193
477 458 149
458 477 149
324 321 980
321 324 980
160 352 8
352 160 8
192 114 217
114 192 217
18 0 456
0 18 456
43 338 956
338 43 956
112 243 816
243 112 816
387 415 777
415 387 777
436 180 435
180 436 435
332 339 222
339 332 222
24 169 681
169 24 681
24 345 854
345 24 854
355 5 206
5 355 206
362 49 821
49 362 821
78 419 173
419 78 173
385 315 511
315 385 511
341 427 606
427 341 606
8 314 21
314 8 21
284 251 701
251 284 701
70 435 892
435 70 892
292 311 61
311 292 61
324 336 258
336 324 258
177 191 263
191 177 263
383 406 312
406 383 312
203 336 732
336 203 732
375 222 399
222 375 399
237 415 826
415 237 826
342 275 141
275 342 141
214 411 744
411 214 744
414 482 31
482 414 31
157 274 842
274 157 842
70 98 30
98 70 30
327 127 574
127 327 574
442 10 832
10 442 832
105 65 668
65 105 668
336 440 242
440 336 242
86 29 157
29 86 157
412 223 284
223 412 284
52 437 696
437 52 696
147 203 178
203 147 178
177 361 304
361 177 304
370 283 754
283 370 754
252 110 381
110 252 381
177 52 392
52 177 392
8 158 957
158 8 957
27 346 250
346 27 250
269 433 131
433 269 131
277 345 855
345 277 855
61 249 792
249 61 792
256 248 996
248 256 996
285 425 709
425 285 709
88 147 992
147 88 992
341 251 454
251 341 454
73 428 359
428 73 359
464 288 369
288 464 369
273 316 567
316 273 567
374 437 352
437 374 352
4 214 549
214 4 549
210 127 298
127 210 298
354 235 398
235 354 398
201 20 175
20 201 175
409 460 823
460 409 823
252 301 426
301 252 426
57 227 855
227 57 855
415 191 643
191 415 643
283 316 811
316 283 811
202 42 248
42 202 248
53 399 815
399 53 815
102 109 794
109 102 794
251 463 530
463 251 530
149 164 902
164 149 902
175 425 863
425 175 863
497 177 516
177 497 516
423 87 243
87 423 243
129 2 787
2 129 787
123 138 455
138 123 455
434 340 498
340 434 498
33 245 397
245 33 397
199 347 358
347 199 358
493 451 822
451 493 822
22 452 838
452 22 838
275 127 116
127 275 116
137 477 645
477 137 645
5 252 232
252 5 232
99 381 235
381 99 235
385 4 725
4 385 725
340 290 565
290 340 565
189 324 162
324 189 162
85 375 362
375 85 362
442 368 813
368 442 813
115 242 617
242 115 617
305 18 596
18 305 596
420 7 573
7 420 573
416 12 325
12 416 325
148 112 58
112 148 58
234 349 415
349 234 415
458 41 205
41 458 205
374 230 381
230 374 381
35 167 757
167 35 757
396 462 477
462 396 477
60 77 720
77 60 720
28 234 738
234 28 738
124 6 745
6 124 745
48 423 610
423 48 610
373 71 574
71 373 574
282 305 775
305 282 775
196 115 317
115 196 317
253 489 399
489 253 399
485 24 419
24 485 419
241 273 381
273 241 381
218 185 810
185 218 810
289 214 545
214 289 545
26 190 51
190 26 51
122 238 974
238 122 974
231 111 897
111 231 897
156 246 54
246 156 54
431 442 169
442 431 169
99 195 158
195 99 158
349 181 535
181 349 535
267 274 660
274 267 660
147 344 345
344 147 345
457 133 911
133 457 911
353 11 601
11 353 601
403 134 340
134 403 340
229 217 803
217 229 803
125 226 49
226 125 49
31 9 492
9 31 492
199 108 39
108 199 39
357 309 72
309 357 72
243 77 699
77 243 699
402 224 395
224 402 395
98 33 881
33 98 881
9 386 892
386 9 892
461 142 878
142 461 878
300 371 448
371 300 448
103 348 174
348 103 174
151 379 535
379 151 535
494 431 495
431 494 495
385 140 804
140 385 804
308 383 881
383 308 881
358 137 458
137 358 458
253 235 343
235 253 343
133 96 730
96 133 730
376 58 724
58 376 724
254 358 947
358 254 947
53 313 295
313 53 295
226 317 527
317 226 527
260 163 458
163 260 458
106 48 598
48 106 598
409 209 833
209 409 833
142 67 470
67 142 470
99 172 557
172 99 557
293 305 6
305 293 6
22 34 64
34 22 64
97 288 774
288 97 774
43 341 940
341 43 940
190 419 257
419 190 257
216 31 920
31 216 920
25 137 321
137 25 321
474 398 882
398 474 882
306 40 949
40 306 949
127 139 622
139 127 622
35 433 779
433 35 779
40 307 313
307 40 313
455 257 453
257 455 453
81 300 646
300 81 646
20 490 417
490 20 417
128 58 300
58 128 300
399 83 437
83 399 437
71 409 336
409 71 336
452 67 228
67 452 228
401 46 868
46 401 868
374 82 653
82 374 653
4 474 312
474 4 312
169 430 569
430 169 569
473 363 370
363 473 370
119 235 712
235 119 712
35 363 771
363 35 771
187 114 706
114 187 706
123 186 116
186 123 116
310 138 183
138 310 183
38 391 730
391 38 730
257 117 664
117 257 664
261 122 638
122 261 638
424 143 420
143 424 420
493 116 783
116 493 783
214 235 18
235 214 18
425 123 733
123 425 733
47 310 848
310 47 848
253 285 386
285 253 386
220 448 524
448 220 524
402 338 916
338 402 916
483 447 533
447 483 533
498 208 507
208 498 507
136 484 150
484 136 150
407 477 267
477 407 267
190 43 854
43 190 854
59 321 977
321 59 977
144 368 639
368 144 639
343 473 277
473 343 277
228 193 225
193 228 225
103 96 415
96 103 415
370 431 362
431 370 362
255 430 422
430 255 422
261 418 906
418 261 906
263 325 736
325 263 736
29 367 279
367 29 279
234 279 952
279 234 952
63 423 821
423 63 821
201 118 294
118 201 294
477 198 488
198 477 488
53 301 936
301 53 936
467 24 719
24 467 719
328 279 501
279 328 501
101 40 919
40 101 919
7 155 97
155 7 97
94 36 464
36 94 464
372 271 743
271 372 743
324 334 18
334 324 18
496 387 488
387 496 488
141 217 186
217 141 186
128 270 340
270 128 340
415 90 864
90 415 864
134 270 643
270 134 643
134 372 535
372 134 535
405 231 43
231 405 43
1 325 79
325 1 79
316 49 850
49 316 850
411 225 36
225 411 36
280 221 924
221 280 924
268 363 141
363 268 141
305 343 263
343 305 263
496 259 353
259 496 353
359 245 124
245 359 124
353 231 348
231 353 348
240 488 579
488 240 579
282 341 256
341 282 256
360 158 305
158 360 305
62 421 31
421 62 31
97 201 252
201 97 252
372 321 967
321 372 967
364 479 311
479 364 311
127 475 570
475 127 570
331 187 167
187 331 167
306 392 898
392 306 898
153 132 739
132 153 739
83 266 80
266 83 80
338 127 738
127 338 738
143 41 159
41 143 159
173 490 713
490 173 713
276 363 886
363 276 886
243 227 865
227 243 865
405 206 693
206 405 693
326 390 880
390 326 880
492 196 772
196 492 772
241 202 257
202 241 257
479 285 23
285 479 23
59 124 502
124 59 502
148 119 895
119 148 895
159 144 886
144 159 886
371 272 749
272 371 749
256 15 328
15 256 328
473 420 887
420 473 887
165 246 777
246 165 777
396 90 825
90 396 825
167 332 27
332 167 27
275 163 665
163 275 665
150 222 641
222 150 641
151 371 260
371 151 260
46 382 256
382 46 256
431 253 528
253 431 528
31 361 396
361 31 396
210 334 168
334 210 168
96 351 767
351 96 767
224 247 357
247 224 357
49 267 541
267 49 541
427 42 57
42 427 57
91 192 279
192 91 279
83 196 2
196 83 2
194 242 384
242 194 384
449 25 489
25 449 489
329 408 203
408 329 203
224 118 389
118 224 389
391 67 741
67 391 741
9 291 488
291 9 488
366 192 107
192 366 107
258 120 150
120 258 150
314 63 694
63 314 694
445 147 890
147 445 890
298 341 984
341 298 984
34 143 861
143 34 861
374 472 269
472 374 269
76 48 888
48 76 888
465 439 955
439 465 955
57 301 598
301 57 598
44 167 291
167 44 291
3 277 411
277 3 411
152 444 326
444 152 326
197 389 973
389 197 973
87 39 667
39 87 667
70 73 310
73 70 310
431 300 134
300 431 134
51 376 182
376 51 182
290 341 973
341 290 973
96 398 274
398 96 274
194 295 793
295 194 793
484 298 71
298 484 71
246 302 867
302 246 867
71 499 756
499 71 756
396 438 147
438 396 147
62 9 73
9 62 73
223 292 373
292 223 373
356 195 249
195 356 249
37 486 443
486 37 443
9 82 693
82 9 693
283 128 840
128 283 840
75 464 638
464 75 638
497 62 292
62 497 292
363 134 144
134 363 144
470 382 82
382 470 82
469 444 443
444 469 443
41 167 87
167 41 87
413 375 283
375 413 283
13 412 621
412 13 621
455 273 703
273 455 703
0 408 184
408 0 184
339 336 648
336 339 648
329 333 211
333 329 211
120 49 197
49 120 197
115 19 579
19 115 579
197 488 375
488 197 375
139 381 894
381 139 894
78 294 269
294 78 269
360 160 33
160 360 33
480 467 806
467 480 806
34 467 215
467 34 215
217 307 51
307 217 51
217 136 736
136 217 736
279 108 785
108 279 785
475 224 657
224 475 657
405 273 145
273 405 145
279 264 379
264 279 379
172 342 673
342 172 673
292 202 685
202 292 685
324 34 153
34 324 153
129 69 120
69 129 120
195 138 779
138 195 779
245 355 767
355 245 767
333 486 728
486 333 728
117 461 804
461 117 804
273 218 77
218 273 77
270 497 341
497 270 341
148 21 684
21 148 684
172 313 738
313 172 738
357 489 773
489 357 773
9 471 194
471 9 194
480 166 184
166 480 184
111 264 40
264 111 40
377 97 26
97 377 26
456 66 340
66 456 340
259 340 558
340 259 558
335 462 408
462 335 408
28 110 781
110 28 781
63 282 947
282 63 947
300 491 936
491 300 936
424 352 907
352 424 907
469 333 426
333 469 426
153 444 190
444 153 190
44 173 639
173 44 639
421 130 205
130 421 205
112 389 897
389 112 897
170 77 859
77 170 859
429 457 469
457 429 469
209 20 104
20 209 104
155 172 447
172 155 447
443 449 300
449 443 300
349 418 133
418 349 133
126 423 429
423 126 429
167 467 954
467 167 954
305 241 436
241 305 436
362 353 678
353 362 678
258 375 755
375 258 755
469 304 64
304 469 64
289 14 584
14 289 584
392 21 108
21 392 108
191 464 57
464 191 57
490 166 328
166 490 328
474 292 103
292 474 103
254 460 423
460 254 423
207 117 664
117 207 664
143 479 869
479 143 869
320 90 245
90 320 245
426 59 901
59 426 901
489 348 915
348 489 915
424 93 289
93 424 289
31 284 253
284 31 253
440 274 419
274 440 419
119 248 564
248 119 564
221 2 524
2 221 524
495 61 993
61 495 993
10 56 473
56 10 473
379 376 915
376 379 915
475 154 474
154 475 474
375 495 322
495 375 322
142 419 915
419 142 915
430 303 51
303 430 51
34 243 325
243 34 325
305 214 925
214 305 925
368 287 279
287 368 279
243 283 341
283 243 341
235 145 897
145 235 897
207 24 626
24 207 626
473 499 632
499 473 632
446 375 628
375 446 628
120 17 899
17 120 899
386 299 202
299 386 202
437 333 297
333 437 297
261 138 863
138 261 863
38 6 651
6 38 651
316 249 786
249 316 786
8 337 931
337 8 931
257 396 308
396 257 308
234 370 807
370 234 807
365 316 34
316 365 34
344 436 903
436 344 903
243 323 702
323 243 702
296 260 36
260 296 36
93 373 26
373 93 26
455 263 533
263 455 533
457 432 134
432 457 134
242 440 471
440 242 471
25 49 368
49 25 368
332 283 738
283 332 738
490 1 54
1 490 54
376 345 343
345 376 343
278 440 166
440 278 166
332 237 278
237 332 278
219 182 3
182 219 3
244 489 619
489 244 619
276 447 51
447 276 51
262 41 343
41 262 343
232 66 393
66 232 393
451 250 176
250 451 176
188 93 29
93 188 29
94 469 227
469 94 227
436 99 19
99 436 19
453 431 256
431 453 256
82 150 290
150 82 290
436 395 280
395 436 280
54 23 579
23 54 579
456 285 620
285 456 620
299 370 39
370 299 39
191 321 789
321 191 789
218 362 734
362 218 734
99 308 203
308 99 203
325 96 803
96 325 803
343 401 234
401 343 234
451 483 237
483 451 237
92 271 132
271 92 132
371 178 507
178 371 507
449 134 145
134 449 145
421 285 515
285 421 515
459 476 688
476 459 688
99 47 402
47 99 402
333 146 710
146 333 710
35 323 658
323 35 658
189 18 59
18 189 59
423 321 894
321 423 894
11 414 166
414 11 166
142 137 196
137 142 196
0 87 682
87 0 682
144 360 968
360 144 968
10 319 796
319 10 796
50 418 695
418 50 695
451 103 693
103 451 693
13 491 16
491 13 16
170 180 387
180 170 387
229 455 708
455 229 708
474 466 622
466 474 622
491 108 760
108 491 760
186 109 699
109 186 699
220 105 59
105 220 59
187 116 230
116 187 230
334 166 1000
166 334 1000
29 469 104
469 29 104
221 334 95
334 221 95
89 357 775
357 89 775
475 438 731
438 475 731
34 412 197
412 34 197
156 404 658
404 156 658
267 90 619
90 267 619
317 310 224
310 317 224
375 349 692
349 375 692
104 36 710
36 104 710
455 65 680
65 455 680
58 138 14
138 58 14
152 79 371
79 152 371
279 406 809
406 279 809
9 441 574
441 9 574
57 449 478
449 57 478
66 216 420
216 66 420
36 385 83
385 36 83
260 431 304
431 260 304
216 467 14
467 216 14
171 384 45
384 171 45
82 375 58
375 82 58
234 454 781
454 234 781
365 361 941
361 365 941
226 302 866
302 226 866
284 251 343
251 284 343
202 319 763
319 202 763
239 204 197
204 239 197
351 316 980
316 351 980
154 384 300
384 154 300
19 407 684
407 19 684
63 489 411
489 63 411
473 76 366
76 473 366
105 441 579
441 105 579
397 168 381
168 397 381
263 304 484
304 263 484
105 358 655
358 105 655
219 97 711
97 219 711
415 300 527
300 415 527
247 307 263
307 247 263
46 326 670
326 46 670
229 390 12
390 229 12
140 363 588
363 140 588
357 320 881
320 357 881
435 217 401
217 435 401
167 480 557
480 167 557
2 438 416
438 2 416
156 9 365
9 156 365
366 425 666
425 366 666
244 172 973
172 244 973
6 70 651
70 6 651
27 299 41
299 27 41
38 291 256
291 38 256
125 0 76
0 125 76
358 287 146
287 358 146
258 306 626
306 258 626
315 308 564
308 315 564
82 316 74
316 82 74
446 34 351
34 446 351
463 278 375
278 463 375
287 136 445
136 287 445
438 164 596
164 438 596
330 202 240
202 330 240
438 180 92
180 438 92
365 38 380
38 365 380
10 148 186
148 10 186
136 463 347
463 136 347
51 45 163
45 51 163
476 344 698
344 476 698
178 307 828
307 178 828
404 447 465
447 404 465
200 385 981
385 200 981
148 215 35
215 148 35
239 5 215
5 239 215
330 371 105
371 330 105
61 381 754
381 61 754
99 369 69
369 99 69
445 421 467
421 445 467
459 249 663
249 459 663
8 280 970
280 8 970
336 36 769
36 336 769
152 237 654
237 152 654
132 237 722
237 132 722
166 476 227
476 166 227
233 158 598
158 233 598
189 72 980
72 189 980
294 171 701
171 294 701
215 468 622
468 215 622
181 427 224
427 181 224
195 436 856
436 195 856
16 124 892
124 16 892
285 276 481
276 285 481
438 260 218
260 438 218
11 278 46
278 11 46
238 363 705
363 238 705
187 53 277
53 187 277
18 199 300
199 18 300
219 414 768
414 219 768
192 447 547
447 192 547
415 142 335
142 415 335
122 159 311
159 122 311
14 444 587
444 14 587
494 382 199
382 494 199
64 246 830
246 64 830
109 484 693
484 109 693
313 23 598
23 313 598
441 42 298
42 441 298
240 261 212
261 240 212
359 453 160
453 359 160
258 221 802
221 258 802
92 343 813
343 92 813
403 209 257
209 403 257
341 56 492
56 341 492
392 120 238
120 392 238
221 81 74
81 221 74
413 247 597
247 413 597
11 188 139
188 11 139
308 281 752
281 308 752
371 140 706
140 371 706
30 250 279
250 30 279
184 343 974
343 184 974
496 98 36
98 496 36
105 439 592
439 105 592
96 183 564
183 96 564
185 404 645
404 185 645
258 318 892
318 258 892
206 181 933
181 206 933
345 489 714
489 345 714
96 360 706
360 96 706
153 243 457
243 153 457
283 279 652
279 283 652
257 127 250
127 257 250
292 232 541
232 292 541
235 180 725
180 235 725
298 365 981
365 298 981
294 475 299
475 294 299
38 182 332
182 38 332
470 379 321
379 470 321
35 475 534
475 35 534
92 481 129
481 92 129
48 264 260
264 48 260
51 373 387
373 51 387
152 165 472
165 152 472
45 400 652
400 45 652
121 50 870
50 121 870
101 197 197
197 101 197
252 235 879
235 252 879
83 205 758
205 83 758
256 92 586
92 256 586
289 184 419
184 289 419
269 85 183
85 269 183
28 136 557
136 28 557
266 141 574
141 266 574
237 186 827
186 237 827
241 307 229
307 241 229
462 408 426
408 462 426
158 12 661
12 158 661
389 96 218
96 389 218
146 352 810
352 146 810
83 493 847
493 83 847
1 262 432
262 1 432
36 142 920
142 36 920
444 408 561
408 444 561
17 146 247
146 17 247
343 387 406
387 343 406
72 201 667
201 72 667
349 359 679
359 349 679
10 248 775
248 10 775
79 247 627
247 79 627
241 330 472
330 241 472
87 184 734
184 87 734
370 72 376
72 370 376
141 16 137
16 141 137
202 33 783
33 202 783
300 229 22
229 300 22
206 153 723
153 206 723
224 2 434
2 224 434
402 364 683
364 402 683
177 444 930
444 177 930
155 37 112
37 155 112
127 124 648
124 127 648
212 346 720
346 212 720
440 487 588
487 440 588
76 41 474
41 76 474
210 342 203
342 210 203
83 400 708
400 83 708
305 124 710
124 305 710
238 378 927
378 238 927
272 407 871
407 272 871
53 63 760
63 53 760
165 42 384
42 165 384
164 106 582
106 164 582
236 46 921
46 236 921
323 474 963
474 323 963
296 184 657
184 296 657
350 267 57
267 350 57
57 424 533
424 57 533
119 15 763
15 119 763
45 287 171
287 45 171
267 341 734
341 267 734
26 358 628
358 26 628
261 374 234
374 261 234
342 110 633
110 342 633
262 286 607
286 262 607
224 434 644
434 224 644
380 137 411
137 380 411
288 194 688
194 288 688
172 313 203
313 172 203
435 210 342
210 435 342
105 477 35
477 105 35
190 3 745
3 190 745
169 264 120
264 169 120
402 106 582
106 402 582
386 221 720
221 386 720
493 297 655
297 493 655
488 30 292
30 488 292
398 318 338
318 398 338
437 343 504
343 437 504
139 130 714
130 139 714
333 235 192
235 333 192
367 277 695
277 367 695
112 446 960
446 112 960
231 200 918
200 231 918
164 87 491
87 164 491
384 432 289
432 384 289
390 420 319
420 390 319
181 170 989
170 181 989
370 108 184
108 370 184
373 99 314
99 373 314
87 432 901
432 87 901
130 300 678
300 130 678
324 264 976
264 324 976
135 347 677
347 135 677
405 11 116
11 405 116
395 247 548
247 395 548
35 137 320
137 35 320
353 170 842
170 353 842
194 41 802
41 194 802
377 414 754
414 377 754
191 353 686
353 191 686
91 483 338
483 91 338
121 160 454
160 121 454
96 295 801
295 96 801
124 52 665
52 124 665
239 300 412
300 239 412
138 335 50
335 138 50
309 41 572
41 309 572
151 235 613
235 151 613
452 464 380
464 452 380
205 155 585
155 205 585
243 99 69
99 243 69
432 72 229
72 432 229
386 20 376
20 386 376
38 145 781
145 38 781
202 236 581
236 202 581
114 375 416
375 114 416
15 184 309
184 15 309
86 187 544
187 86 544
199 140 9
140 199 9
430 197 16
197 430 16
14 292 467
292 14 467
434 77 39
77 434 39
14 315 60
315 14 60
390 353 557
353 390 557
22 56 293
56 22 293
102 170 520
170 102 520
369 185 205
185 369 205
178 271 892
271 178 892
73 322 384
322 73 384
433 104 434
104 433 434
449 119 78
119 449 78
267 53 655
53 267 655
158 68 970
68 158 970
69 310 824
310 69 824
125 332 880
332 125 880
269 434 902
434 269 902
289 155 939
155 289 939
345 333 562
333 345 562
236 407 737
407 236 737
472 340 841
340 472 841
405 141 460
141 405 460
334 409 366
409 334 366
489 67 786
67 489 786
458 136 96
136 458 96
133 113 780
113 133 780
12 382 66
382 12 66
265 23 721
23 265 721
55 368 55
368 55 55
117 457 314
457 117 314
353 429 506
429 353 506
45 186 648
186 45 648
357 20 909
20 357 909
222 9 976
9 222 976
7 320 964
320 7 964
454 453 429
453 454 429
85 318 311
318 85 311
150 83 835
83 150 835
222 139 555
139 222 555
128 108 12
108 128 12
441 313 941
313 441 941
447 358 479
358 447 479
446 215 1000
215 446 1000
354 289 861
289 354 861
181 148 681
148 181 681
144 454 987
454 144 987
72 39 305
39 72 305
234 189 240
189 234 240
420 264 731
264 420 731
475 392 339
392 475 339
486 186 504
186 486 504
279 133 363
133 279 363
257 431 430
431 257 430
256 285 720
285 256 720
117 466 368
466 117 368
149 462 823
462 149 823
135 34 214
34 135 214
291 120 256
120 291 256
31 41 20
41 31 20
261 368 912
368 261 912
452 354 598
354 452 598
455 133 583
133 455 583
169 391 514
391 169 514
99 499 299
499 99 299
170 468 617
468 170 617
389 118 79
118 389 79
63 105 465
105 63 465
277 397 86
397 277 86
384 280 479
280 384 479
403 393 847
393 403 847
314 345 201
345 314 201
264 153 187
153 264 187
346 322 930
322 346 930
212 273 429
273 212 429
362 295 898
295 362 898
479 37 368
37 479 368
57 452 473
452 57 473
374 229 222
229 374 222
311 113 854
113 311 854
289 368 748
368 289 748
487 183 593
183 487 593
39 299 598
299 39 598
225 145 773
145 225 773
154 357 546
357 154 546
83 220 694
220 83 694
332 51 231
51 332 231
199 460 683
460 199 683
23 334 265
334 23 265
97 145 230
145 97 230
450 286 599
286 450 599
197 273 634
273 197 634
142 313 285
313 142 285
239 390 430
390 239 430
11 45 640
45 11 640
409 480 212
480 409 212
102 312 115
312 102 115
184 363 75
363 184 75
218 386 262
386 218 262
482 483 759
483 482 759
64 434 46
434 64 46
14 483 671
483 14 671
499 125 836
125 499 836
283 365 727
365 283 727
64 376 624
376 64 624
55 285 604
285 55 604
266 239 268
239 266 268
232 275 631
275 232 631
307 494 869
494 307 869
68 328 853
328 68 853
178 392 139
392 178 139
75 258 122
258 75 122
246 257 748
257 246 748
81 40 965
40 81 965
159 457 841
457 159 841
282 12 979
12 282 979
237 279 70
279 237 70
4 11 346
11 4 346
486 170 840
170 486 840
355 90 520
90 355 520
207 269 913
269 207 913
197 344 23
344 197 23
318 442 781
442 318 781
417 376 173
376 417 173
381 35 630
35 381 630
74 170 143
170 74 143
404 407 274
407 404 274
473 264 137
264 473 137
170 250 808
250 170 808
361 457 250
457 361 250
381 164 871
164 381 871
145 213 716
213 145 716
167 32 510
32 167 510
447 301 386
301 447 386
472 183 774
183 472 774
101 257 944
257 101 944
243 13 851
13 243 851
368 338 115
338 368 115
5 9 718
9 5 718
164 222 175
222 164 175
413 103 692
103 413 692
136 100 405
100 136 405
351 268 789
268 351 789
212 67 591
67 212 591
98 39 126
39 98 126
371 493 235
493 371 235
166 88 248
88 166 248
16 457 586
457 16 586
483 314 947
314 483 947
52 478 170
478 52 170
78 243 125
243 78 125
269 379 78
379 269 78
26 82 346
82 26 346
166 295 765
295 166 765
108 245 157
245 108 157
233 468 150
468 233 150
467 134 238
134 467 238
66 2 47
2 66 47
152 485 361
485 152 361
450 389 691
389 450 691
471 468 935
468 471 935
448 237 666
237 448 666
25 115 249
115 25 249
370 282 896
282 370 896
486 242 641
242 486 641
142 476 961
476 142 961
291 443 95
443 291 95
381 10 949
10 381 949
279 14 935
14 279 935
140 316 176
316 140 176
330 288 144
288 330 144
116 236 234
236 116 234
282 261 849
261 282 849
30 483 483
483 30 483
277 469 726
469 277 726
269 112 54
112 269 54
229 255 349
255 229 349
175 488 211
488 175 211
123 268 225
268 123 225
409 260 42
260 409 42
85 442 182
442 85 182
228 59 418
59 228 418
461 193 531
193 461 531
162 75 514
75 162 514
496 352 835
352 496 835
73 121 947
121 73 947
126 350 55
350 126 55
475 377 43
377 475 43
185 0 663
0 185 663
262 410 923
410 262 923
155 495 866
495 155 866
336 75 777
75 336 777
105 389 970
389 105 970
135 403 45
403 135 45
0 399 897
399 0 897
334 473 870
473 334 870
133 451 572
451 133 572
187 426 449
426 187 449
229 464 449
464 229 449
392 226 211
226 392 211
166 381 558
381 166 558
31 69 634
69 31 634
307 174 375
