0 1 841
1 0 841
1 2 786
2 1 786
2 3 429
3 2 429
3 4 365
4 3 365
4 5 504
5 4 504
5 6 470
6 5 470
6 7 366
7 6 366
7 8 128
8 7 128
8 9 291
9 8 291
9 10 354
10 9 354
10 11 50
11 10 50
11 12 646
12 11 646
12 13 214
13 12 214
13 14 257
14 13 257
14 15 700
15 14 700
15 16 27
16 15 27
16 17 639
17 16 639
17 18 831
18 17 831
18 19 778
19 18 778
19 20 811
20 19 811
20 21 796
21 20 796
21 22 545
22 21 545
22 23 178
23 22 178
23 24 464
24 23 464
24 25 887
25 24 887
25 26 2
26 25 2
26 27 956
27 26 956
27 28 900
28 27 900
28 29 806
29 28 806
29 30 335
30 29 335
30 31 96
31 30 96
31 32 998
32 31 998
32 33 120
33 32 120
33 34 524
34 33 524
34 35 362
35 34 362
35 36 975
36 35 975
36 37 345
37 36 345
37 38 80
38 37 80
38 39 102
39 38 102
39 40 988
40 39 988
40 41 785
41 40 785
41 42 504
42 41 504
42 43 633
43 42 633
43 44 999
44 43 999
44 45 760
45 44 760
45 46 332
46 45 332
46 47 25
47 46 25
47 48 398
48 47 398
48 49 514
49 48 514
49 50 154
50 49 154
50 51 560
51 50 560
51 52 309
52 51 309
52 53 50
53 52 50
53 54 89
54 53 89
54 55 124
55 54 124
55 56 289
56 55 289
56 57 91
57 56 91
57 58 79
58 57 79
58 59 188
59 58 188
59 60 896
60 59 896
60 61 765
61 60 765
61 62 283
62 61 283
62 63 893
63 62 893
63 64 237
64 63 237
64 65 159
65 64 159
65 66 607
66 65 607
66 67 211
67 66 211
67 68 855
68 67 855
68 69 686
69 68 686
69 70 665
70 69 665
70 71 842
71 70 842
71 72 822
72 71 822
72 73 168
73 72 168
73 74 827
74 73 827
74 75 820
75 74 820
75 76 927
76 75 927
76 77 510
77 76 510
77 78 197
78 77 197
78 79 677
79 78 677
79 80 24
80 79 24
80 81 350
81 80 350
81 82 236
82 81 236
82 83 684
83 82 684
83 84 400
84 83 400
84 85 325
85 84 325
85 86 808
86 85 808
86 87 688
87 86 688
87 88 767
88 87 767
88 89 238
89 88 238
89 90 227
90 89 227
90 91 14
91 90 14
91 92 3
92 91 3
92 93 862
93 92 862
93 94 906
94 93 906
94 95 239
95 94 239
95 96 20
96 95 20
96 97 864
97 96 864
97 98 449
98 97 449
98 99 874
99 98 874
99 100 901
100 99 901
100 101 113
101 100 113
101 102 68
102 101 68
102 103 723
103 102 723
103 104 280
104 103 280
104 105 894
105 104 894
105 106 542
106 105 542
106 107 559
107 106 559
107 108 403
108 107 403
108 109 738
109 108 738
109 110 587
110 109 587
110 111 778
111 110 778
111 112 440
112 111 440
112 113 174
113 112 174
113 114 814
114 113 814
114 115 191
115 114 191
115 116 498
116 115 498
116 117 973
117 116 973
117 118 878
118 117 878
118 119 616
119 118 616
119 120 210
120 119 210
120 121 456
121 120 456
121 122 629
122 121 629
122 123 212
123 122 212
123 124 317
124 123 317
124 125 887
125 124 887
125 126 450
126 125 450
126 127 336
127 126 336
127 128 750
128 127 750
128 129 251
129 128 251
129 130 562
130 129 562
130 131 651
131 130 651
131 132 363
132 131 363
132 133 981
133 132 981
133 134 725
134 133 725
134 135 995
135 134 995
135 136 226
136 135 226
136 137 266
137 136 266
137 138 905
138 137 905
138 139 980
139 138 980
139 140 356
140 139 356
140 141 491
141 140 491
141 142 758
142 141 758
142 143 147
143 142 147
143 144 664
144 143 664
144 145 923
145 144 923
145 146 337
146 145 337
146 147 514
147 146 514
147 148 895
148 147 895
148 149 566
149 148 566
149 150 129
150 149 129
150 151 104
151 150 104
151 152 21
152 151 21
152 153 758
153 152 758
153 154 668
154 153 668
154 155 338
155 154 338
155 156 996
156 155 996
156 157 469
157 156 469
157 158 25
158 157 25
158 159 745
159 158 745
159 160 719
160 159 719
160 161 938
161 160 938
161 162 747
162 161 747
162 163 434
163 162 434
163 164 918
164 163 918
164 165 471
165 164 471
165 166 428
166 165 428
166 167 143
167 166 143
167 168 89
168 167 89
168 169 684
169 168 684
169 170 123
170 169 123
170 171 796
171 170 796
171 172 174
172 171 174
172 173 232
173 172 232
173 174 942
174 173 942
174 175 189
175 174 189
175 176 154
176 175 154
176 177 278
177 176 278
177 178 54
178 177 54
178 179 48
179 178 48
179 180 195
180 179 195
180 181 183
181 180 183
181 182 503
182 181 503
182 183 215
183 182 215
183 184 292
184 183 292
184 185 170
185 184 170
185 186 904
186 185 904
186 187 287
187 186 287
187 188 639
188 187 639
188 189 929
189 188 929
189 190 383
190 189 383
190 191 709
191 190 709
191 192 866
192 191 866
192 193 130
193 192 130
193 194 142
194 193 142
194 195 136
195 194 136
195 196 952
196 195 952
196 197 921
197 196 921
197 198 630
198 197 630
198 199 40
199 198 40
199 200 604
200 199 604
200 201 752
201 200 752
201 202 835
202 201 835
202 203 129
203 202 129
203 204 335
204 203 335
204 205 128
205 204 128
205 206 318
206 205 318
206 207 840
207 206 840
207 208 757
208 207 757
208 209 371
209 208 371
209 210 887
210 209 887
210 211 951
211 210 951
211 212 905
212 211 905
212 213 742
213 212 742
213 214 518
214 213 518
214 215 548
215 214 548
215 216 263
216 215 263
216 217 421
217 216 421
217 218 186
218 217 186
218 219 901
219 218 901
219 220 701
220 219 701
220 221 921
221 220 921
221 222 610
222 221 610
222 223 919
223 222 919
223 224 402
224 223 402
224 225 751
225 224 751
225 226 54
226 225 54
226 227 353
227 226 353
227 228 672
228 227 672
228 229 35
229 228 35
229 230 393
230 229 393
230 231 627
231 230 627
231 232 787
232 231 787
232 233 579
233 232 579
233 234 756
234 233 756
234 235 473
235 234 473
235 236 707
236 235 707
236 237 73
237 236 73
237 238 313
238 237 313
238 239 463
239 238 463
239 240 795
240 239 795
240 241 551
241 240 551
241 242 766
242 241 766
242 243 52
243 242 52
243 244 292
244 243 292
244 245 283
245 244 283
245 246 599
246 245 599
246 247 555
247 246 555
247 248 55
248 247 55
248 249 137
249 248 137
249 250 807
250 249 807
250 251 756
251 250 756
251 252 57
252 251 57
252 253 768
253 252 768
253 254 26
254 253 26
254 255 458
255 254 458
255 256 871
256 255 871
256 257 431
257 256 431
257 258 162
258 257 162
258 259 894
259 258 894
259 260 465
260 259 465
260 261 906
261 260 906
261 262 520
262 261 520
262 263 603
263 262 603
263 264 485
264 263 485
264 265 275
265 264 275
265 266 76
266 265 76
266 267 543
267 266 543
267 268 699
268 267 699
268 269 388
269 268 388
269 270 357
270 269 357
270 271 846
271 270 846
271 272 290
272 271 290
272 273 474
273 272 474
273 274 897
274 273 897
274 275 934
275 274 934
275 276 756
276 275 756
276 277 847
277 276 847
277 278 840
278 277 840
278 279 163
279 278 163
279 280 983
280 279 983
280 281 998
281 280 998
281 282 270
282 281 270
282 283 391
283 282 391
283 284 766
284 283 766
284 285 295
285 284 295
285 286 200
286 285 200
286 287 636
287 286 636
287 288 725
288 287 725
288 289 362
289 288 362
289 290 881
290 289 881
290 291 189
291 290 189
291 292 267
292 291 267
292 293 400
293 292 400
293 294 792
294 293 792
294 295 103
295 294 103
295 296 27
296 295 27
296 297 219
297 296 219
297 298 645
298 297 645
298 299 77
299 298 77
299 300 606
300 299 606
300 301 354
301 300 354
301 302 922
302 301 922
302 303 247
303 302 247
303 304 827
304 303 827
304 305 818
305 304 818
305 306 180
306 305 180
306 307 935
307 306 935
307 308 17
308 307 17
308 309 19
309 308 19
309 310 97
310 309 97
310 311 999
311 310 999
311 312 17
312 311 17
312 313 366
313 312 366
313 314 742
314 313 742
314 315 134
315 314 134
315 316 12
316 315 12
316 317 941
317 316 941
317 318 121
318 317 121
318 319 736
319 318 736
319 320 654
320 319 654
320 321 1
321 320 1
321 322 276
322 321 276
322 323 273
323 322 273
323 324 752
324 323 752
324 325 67
325 324 67
325 326 375
326 325 375
326 327 130
327 326 130
327 328 285
328 327 285
328 329 20
329 328 20
329 330 207
330 329 207
330 331 242
331 330 242
331 332 725
332 331 725
332 333 128
333 332 128
333 334 841
334 333 841
334 335 551
335 334 551
335 336 298
336 335 298
336 337 20
337 336 20
337 338 485
338 337 485
338 339 314
339 338 314
339 340 391
340 339 391
340 341 581
341 340 581
341 342 664
342 341 664
342 343 759
343 342 759
343 344 298
344 343 298
344 345 405
345 344 405
345 346 244
346 345 244
346 347 309
347 346 309
347 348 698
348 347 698
348 349 364
349 348 364
349 350 396
350 349 396
350 351 703
351 350 703
351 352 364
352 351 364
352 353 672
353 352 672
353 354 975
354 353 975
354 355 467
355 354 467
355 356 90
356 355 90
356 357 350
357 356 350
357 358 597
358 357 597
358 359 727
359 358 727
359 360 721
360 359 721
360 361 803
361 360 803
361 362 968
362 361 968
362 363 445
363 362 445
363 364 930
364 363 930
364 365 808
365 364 808
365 366 347
366 365 347
366 367 579
367 366 579
367 368 180
368 367 180
368 369 832
369 368 832
369 370 892
370 369 892
370 371 922
371 370 922
371 372 764
372 371 764
372 373 556
373 372 556
373 374 680
374 373 680
374 375 414
375 374 414
375 376 312
376 375 312
376 377 923
377 376 923
377 378 722
378 377 722
378 379 361
379 378 361
379 380 286
380 379 286
380 381 470
381 380 470
381 382 64
382 381 64
382 383 1
383 382 1
383 384 141
384 383 141
384 385 38
385 384 38
385 386 819
386 385 819
386 387 582
387 386 582
387 388 739
388 387 739
388 389 415
389 388 415
389 390 308
390 389 308
390 391 459
391 390 459
391 392 569
392 391 569
392 393 628
393 392 628
393 394 255
394 393 255
394 395 499
395 394 499
395 396 435
396 395 435
396 397 602
397 396 602
397 398 429
398 397 429
398 399 966
399 398 966
399 0 433
0 399 433
120 286 548
286 120 548
227 365 961
365 227 961
138 39 35
39 138 35
51 276 504
276 51 504
314 28 996
28 314 996
103 247 577
247 103 577
242 61 885
61 242 885
252 230 512
230 252 512
307 280 298
280 307 298
108 263 893
263 108 893
180 101 792
101 180 792
7 19 753
19 7 753
98 58 139
58 98 139
149 335 642
335 149 642
63 315 637
315 63 637
118 162 565
162 118 565
360 176 449
176 360 449
213 358 312
358 213 312
120 190 610
190 120 610
180 250 225
250 180 225
224 31 726
31 224 726
15 390 145
390 15 145
367 88 404
88 367 404
305 189 491
189 305 491
298 204 406
204 298 406
286 323 321
323 286 321
251 235 649
235 251 649
251 48 607
48 251 607
363 120 397
120 363 397
372 252 447
252 372 447
196 76 430
76 196 430
73 92 221
92 73 221
18 11 61
11 18 61
373 269 203
269 373 203
263 167 607
167 263 607
20 54 682
54 20 682
292 257 518
257 292 518
340 108 718
108 340 718
346 71 791
71 346 791
94 395 843
395 94 843
93 143 120
143 93 120
122 217 764
217 122 764
94 187 175
187 94 175
107 160 844
160 107 844
309 375 764
375 309 764
267 347 570
347 267 570
149 192 827
192 149 827
266 132 687
132 266 687
335 31 759
31 335 759
125 105 569
105 125 569
218 201 40
201 218 40
293 370 155
370 293 155
387 157 329
157 387 329
94 269 525
269 94 525
3 196 288
196 3 288
271 143 857
143 271 857
372 287 35
287 372 35
190 20 721
20 190 721
125 3 831
3 125 831
203 128 537
128 203 537
323 299 290
299 323 290
162 192 860
192 162 860
68 131 569
131 68 569
196 226 790
226 196 790
272 181 386
181 272 386
159 4 681
4 159 681
167 376 969
376 167 969
201 166 541
166 201 541
322 244 944
244 322 944
104 47 824
47 104 824
40 370 275
370 40 275
81 84 467
84 81 467
92 152 551
152 92 551
212 300 329
300 212 329
201 173 510
173 201 510
338 284 467
284 338 467
171 4 195
4 171 195
291 205 914
205 291 914
383 79 558
79 383 558
126 184 557
184 126 557
301 176 479
176 301 479
376 210 363
210 376 363
194 302 67
302 194 67
144 115 567
115 144 567
272 268 92
268 272 92
134 159 577
159 134 577
352 330 581
330 352 581
146 173 138
173 146 138
59 156 970
156 59 970
168 234 906
234 168 906
324 135 482
135 324 482
354 111 44
111 354 44
116 258 747
258 116 747
382 2 214
2 382 214
101 227 234
227 101 234
392 313 193
313 392 193
168 265 475
265 168 475
300 363 48
363 300 48
190 375 156
375 190 156
159 143 390
143 159 390
264 20 278
20 264 278
97 374 389
374 97 389
141 43 599
43 141 599
39 377 754
377 39 754
52 78 181
78 52 181
285 23 446
23 285 446
230 143 311
143 230 311
104 44 26
44 104 26
152 234 801
234 152 801
259 345 897
345 259 897
249 209 517
209 249 517
326 258 843
258 326 843
66 399 238
399 66 238
65 390 416
390 65 416
370 42 294
42 370 294
150 280 317
280 150 317
147 62 413
62 147 413
9 166 457
166 9 457
234 270 643
270 234 643
35 130 588
130 35 588
331 348 1000
348 331 1000
257 206 194
206 257 194
275 206 432
206 275 432
292 196 847
196 292 847
262 191 492
191 262 492
364 23 161
23 364 161
111 85 573
85 111 573
120 251 29
251 120 29
355 74 23
74 355 23
342 204 610
204 342 610
225 87 510
87 225 510
376 344 516
344 376 516
369 171 874
171 369 874
200 64 223
64 200 223
246 326 414
326 246 414
90 243 589
243 90 589
250 354 674
354 250 674
22 75 477
75 22 477
202 382 503
382 202 503
176 276 59
276 176 59
337 101 546
101 337 546
46 77 642
77 46 642
361 46 414
46 361 414
35 199 878
199 35 878
257 397 156
397 257 156
222 87 199
87 222 199
162 289 106
289 162 106
187 263 933
263 187 933
63 17 115
17 63 115
318 193 943
193 318 943
376 130 196
130 376 196
122 128 873
128 122 873
115 42 871
42 115 871
328 77 622
77 328 622
157 286 620
286 157 620
265 60 59
60 265 59
263 222 749
222 263 749
120 9 612
9 120 612
52 24 30
24 52 30
318 342 375
342 318 375
60 271 258
271 60 258
255 345 186
345 255 186
79 60 28
60 79 28
302 389 657
389 302 657
323 98 295
98 323 295
294 363 355
363 294 355
353 179 129
179 353 129
301 299 938
299 301 938
64 352 315
352 64 315
245 222 409
222 245 409
220 283 280
283 220 280
277 90 177
90 277 177
14 122 38
122 14 38
242 24 979
24 242 979
98 299 877
299 98 877
193 194 593
194 193 593
299 147 972
147 299 972
228 0 471
0 228 471
117 16 375
16 117 375
31 262 798
262 31 798
192 34 33
34 192 33
271 263 275
263 271 275
248 277 397
277 248 397
237 119 973
119 237 973
215 170 273
170 215 273
243 315 267
315 243 267
235 166 366
166 235 366
6 394 318
394 6 318
29 64 734
64 29 734
355 47 348
47 355 348
104 239 182
239 104 182
88 111 845
111 88 845
163 311 523
311 163 523
311 148 594
148 311 594
84 315 716
315 84 716
156 110 183
110 156 183
374 346 350
346 374 350
291 304 696
304 291 696
208 285 160
285 208 160
93 193 408
193 93 408
241 297 847
297 241 847
374 386 110
386 374 110
19 101 373
101 19 373
293 12 673
12 293 673
238 48 988
48 238 988
354 156 251
156 354 251
336 130 997
130 336 997
37 21 253
21 37 253
133 181 491
181 133 491
292 275 84
275 292 84
51 68 181
68 51 181
98 42 519
42 98 519
159 13 20
13 159 20
132 258 785
258 132 785
204 49 433
49 204 433
144 3 590
3 144 590
194 291 872
291 194 872
190 281 646
281 190 646
394 14 227
14 394 227
84 258 54
258 84 54
367 310 474
310 367 474
100 8 669
8 100 669
218 119 482
119 218 482
390 251 493
251 390 493
174 56 942
56 174 942
6 200 897
200 6 897
347 346 540
346 347 540
19 88 221
88 19 221
64 82 635
82 64 635
242 119 294
119 242 294
248 86 956
86 248 956
321 138 116
138 321 116
341 357 235
357 341 235
23 347 687
347 23 687
267 73 495
73 267 495
160 79 647
79 160 647
56 379 393
379 56 393
195 398 81
398 195 81
168 14 315
14 168 315
154 208 234
208 154 234
399 56 273
56 399 273
154 330 611
330 154 611
269 271 120
271 269 120
104 246 819
246 104 819
142 65 492
65 142 492
188 225 924
225 188 924
34 281 703
281 34 703
178 29 53
29 178 53
10 149 267
149 10 267
324 303 627
303 324 627
358 303 836
303 358 836
382 57 366
57 382 366
144 279 589
279 144 589
264 383 636
383 264 636
282 77 701
77 282 701
326 265 79
265 326 79
49 251 960
251 49 960
151 29 941
29 151 941
155 39 890
39 155 890
173 363 794
363 173 794
399 273 649
273 399 649
234 207 58
207 234 58
399 352 137
352 399 137
340 168 472
168 340 472
175 2 749
2 175 749
27 328 166
328 27 166
105 377 17
377 105 17
17 80 398
80 17 398
357 235 389
235 357 389
399 8 305
8 399 305
344 360 730
360 344 730
192 194 938
194 192 938
49 146 890
146 49 890
138 86 410
86 138 410
209 213 612
213 209 612
310 240 341
240 310 341
227 298 870
298 227 870
396 315 903
315 396 903
193 224 490
224 193 490
334 175 251
175 334 251
38 119 811
119 38 811
367 311 5
311 367 5
104 313 551
313 104 551
145 51 389
51 145 389
354 212 802
212 354 802
166 74 843
74 166 843
258 302 293
302 258 293
327 250 760
250 327 760
381 395 184
395 381 184
271 329 160
329 271 160
121 367 831
367 121 831
331 287 143
287 331 143
287 391 208
391 287 208
390 89 811
89 390 811
178 43 775
43 178 775
180 161 850
161 180 850
22 371 904
371 22 904
66 251 954
251 66 954
25 232 749
232 25 749
160 103 679
103 160 679
71 176 398
176 71 398
102 59 285
59 102 285
396 347 629
347 396 629
203 337 318
337 203 318
365 115 113
115 365 113
339 295 275
295 339 275
388 269 846
269 388 846
291 335 697
335 291 697
396 360 82
360 396 82
97 73 137
73 97 137
127 144 114
144 127 114
124 246 173
246 124 173
361 242 320
242 361 320
189 397 809
397 189 809
58 362 325
362 58 325
370 302 372
302 370 372
396 242 442
242 396 442
394 86 529
86 394 529
242 82 42
82 242 42
323 179 515
179 323 515
12 258 459
258 12 459
325 335 706
335 325 706
249 296 100
296 249 100
121 37 498
37 121 498
329 95 412
95 329 412
205 17 914
17 205 914
377 366 557
366 377 557
370 360 243
360 370 243
298 154 277
154 298 277
139 30 409
30 139 409
53 42 667
42 53 667
112 367 802
367 112 802
369 216 450
216 369 450
20 337 887
337 20 887
117 219 134
219 117 134
129 24 952
24 129 952
394 1 318
1 394 318
102 323 430
323 102 430
344 222 984
222 344 984
173 361 414
361 173 414
181 367 208
367 181 208
399 31 775
31 399 775
201 352 344
352 201 344
202 372 233
372 202 233
289 90 252
90 289 252
374 171 77
171 374 77
77 117 430
117 77 430
146 220 754
220 146 754
175 116 928
116 175 928
311 289 641
289 311 641
76 22 408
22 76 408
284 22 391
22 284 391
10 175 943
175 10 943
353 329 516
329 353 516
186 170 958
170 186 958
189 145 681
145 189 681
217 222 598
222 217 598
247 369 970
369 247 970
152 96 39
96 152 39
279 7 80
7 279 80
319 36 503
36 319 503
279 320 677
320 279 677
269 330 404
330 269 404
212 236 133
236 212 133
79 374 104
374 79 104
388 163 801
163 388 801
68 381 823
381 68 823
217 180 544
180 217 544
139 284 41
284 139 41
177 163 1000
163 177 1000
56 34 188
34 56 188
310 313 108
313 310 108
138 183 591
183 138 591
93 347 979
347 93 979
378 352 482
352 378 482
366 67 282
67 366 282
386 0 456
0 386 456
203 132 352
132 203 352
294 16 744
16 294 744
71 179 743
179 71 743
80 214 283
214 80 283
342 79 742
79 342 742
33 214 684
214 33 684
126 161 662
161 126 662
104 91 166
91 104 166
137 57 586
57 137 586
370 395 386
395 370 386
178 199 871
199 178 871
329 45 687
45 329 687
72 117 819
117 72 819
166 149 185
149 166 185
248 43 464
43 248 464
190 76 79
76 190 79
273 155 392
155 273 392
335 211 284
211 335 284
252 349 293
349 252 293
237 271 289
271 237 289
175 49 440
49 175 440
245 378 885
378 245 885
283 50 154
50 283 154
101 169 855
169 101 855
37 17 99
17 37 99
101 159 375
159 101 375
331 33 930
33 331 930
322 320 494
320 322 494
357 124 843
124 357 843
50 362 314
362 50 314
90 89 716
89 90 716
281 286 694
286 281 694
165 169 697
169 165 697
71 223 466
223 71 466
125 260 635
260 125 635
223 313 595
313 223 595
350 244 380
244 350 380
231 119 300
119 231 300
324 76 224
76 324 224
318 78 738
78 318 738
184 168 227
168 184 227
99 49 913
49 99 913
344 167 835
167 344 835
240 190 458
190 240 458
257 315 318
315 257 318
244 91 232
91 244 232
38 393 628
393 38 628
169 224 547
224 169 547
268 101 624
101 268 624
43 19 502
19 43 502
133 203 823
203 133 823
359 302 24
302 359 24
24 247 343
247 24 343
258 39 933
39 258 933
267 249 1
249 267 1
136 93 292
93 136 292
367 83 885
83 367 885
347 252 61
252 347 61
93 72 962
72 93 962
268 115 782
115 268 782
122 248 537
248 122 537
144 160 592
160 144 592
119 184 991
184 119 991
214 394 430
394 214 430
146 261 431
261 146 431
346 349 924
349 346 924
189 317 207
317 189 207
25 216 11
216 25 11
86 309 283
309 86 283
199 178 599
178 199 599
332 300 399
300 332 399
269 396 559
396 269 559
12 67 695
67 12 695
2 281 641
281 2 641
383 28 854
28 383 854
214 326 4
326 214 4
137 68 673
68 137 673
96 93 489
93 96 489
306 131 350
131 306 350
141 331 528
331 141 528
139 215 580
215 139 580
289 84 328
84 289 328
248 96 796
96 248 796
294 50 677
50 294 677
287 34 257
34 287 257
140 248 536
248 140 536
295 337 804
337 295 804
367 385 649
385 367 649
207 244 781
244 207 781
357 385 864
385 357 864
236 76 679
76 236 679
368 365 116
365 368 116
95 165 764
165 95 764
290 60 615
60 290 615
319 299 801
299 319 801
375 39 401
39 375 401
310 335 338
335 310 338
265 254 876
254 265 876
314 62 320
62 314 320
46 371 305
371 46 305
109 207 781
207 109 781
339 175 146
175 339 146
206 223 664
223 206 664
170 113 324
113 170 324
136 384 175
384 136 175
88 360 14
360 88 14
288 222 901
222 288 901
377 88 508
88 377 508
52 2 322
2 52 322
323 48 693
48 323 693
227 109 852
109 227 852
159 0 28
0 159 28
57 207 603
207 57 603
120 329 316
329 120 316
195 65 253
65 195 253
169 105 613
105 169 613
134 393 987
393 134 987
35 322 475
322 35 475
142 375 429
375 142 429
263 298 629
298 263 629
307 78 938
78 307 938
158 237 739
237 158 739
137 246 146
246 137 146
339 366 627
366 339 627
207 161 92
161 207 92
59 330 749
330 59 749
223 65 942
65 223 942
209 52 416
52 209 416
236 146 991
146 236 991
264 361 42
361 264 42
293 268 872
268 293 872
382 26 261
26 382 261
72 116 708
116 72 708
17 55 874
55 17 874
243 262 788
262 243 788
86 273 918
273 86 918
386 96 335
96 386 335
279 306 939
306 279 939
95 94 237
94 95 237
237 358 198
358 237 198
278 203 218
203 278 218
301 186 797
186 301 797
162 258 313
258 162 313
269 228 368
228 269 368
342 23 983
23 342 983
129 62 56
62 129 56
199 48 553
48 199 553
285 328 811
328 285 811
376 23 305
23 376 305
212 214 611
214 212 611
43 18 828
18 43 828
344 156 624
156 344 624
106 366 288
366 106 288
375 194 656
194 375 656
270 170 990
170 270 990
399 232 45
232 399 45
150 232 949
232 150 949
388 160 111
160 388 111
364 135 767
135 364 767
176 348 582
348 176 582
186 391 552
391 186 552
166 287 908
287 166 908
141 394 674
394 141 674
229 321 21
321 229 21
36 191 391
191 36 391
225 143 375
143 225 375
221 245 607
245 221 607
122 233 720
233 122 720
232 197 407
197 232 407
199 374 707
374 199 707
332 112 50
112 332 50
83 278 738
278 83 738
342 20 332
20 342 332
215 249 453
249 215 453
235 285 597
285 235 597
377 62 340
62 377 340
351 283 937
283 351 937
110 5 571
5 110 571
29 190 768
190 29 768
35 341 942
341 35 942
294 273 407
273 294 407
143 308 285
308 143 285
280 250 905
250 280 905
363 17 906
17 363 906
368 253 943
253 368 943
164 182 5
182 164 5
55 134 489
134 55 489
191 244 46
244 191 46
113 225 436
225 113 436
281 212 129
212 281 129
374 106 354
106 374 354
180 250 662
250 180 662
217 82 312
82 217 312
273 46 330
46 273 330
179 366 735
366 179 735
321 82 917
82 321 917
126 89 603
89 126 603
166 232 399
232 166 399
211 346 24
346 211 24
399 227 237
227 399 237
127 153 95
153 127 95
81 286 297
286 81 297
342 103 580
103 342 580
6 376 978
376 6 978
87 155 944
155 87 944
373 29 778
29 373 778
41 107 467
107 41 467
244 273 299
273 244 299
194 84 845
84 194 845
18 83 224
83 18 224
6 211 730
211 6 730
100 244 416
244 100 416
349 138 919
138 349 919
328 144 847
144 328 847
257 183 755
183 257 755
152 156 584
156 152 584
129 150 691
150 129 691
147 394 564
394 147 564
45 188 600
188 45 600
242 158 884
158 242 884
217 116 247
116 217 247
346 169 43
169 346 43
313 118 581
118 313 581
383 398 526
398 383 526
30 255 261
255 30 261
184 7 170
7 184 170
319 88 520
88 319 520
161 235 914
235 161 914
276 232 454
232 276 454
75 26 165
26 75 165
310 244 281
244 310 281
308 142 250
142 308 250
150 8 720
8 150 720
131 391 918
391 131 918
208 373 173
373 208 173
68 109 132
109 68 132
37 28 220
28 37 220
156 141 607
141 156 607
221 17 240
17 221 240
27 93 18
93 27 18
343 355 462
355 343 462
375 264 357
264 375 357
225 366 765
366 225 765
96 49 308
49 96 308
14 257 482
257 14 482
138 278 391
278 138 391
270 267 972
267 270 972
41 376 913
376 41 913
48 149 483
149 48 483
239 176 928
176 239 928
56 71 483
71 56 483
70 47 99
47 70 99
226 224 818
224 226 818
342 320 867
320 342 867
49 334 125
334 49 125
82 73 555
73 82 555
273 295 622
295 273 622
396 336 550
336 396 550
260 336 900
336 260 900
142 175 828
175 142 828
69 184 500
184 69 500
304 254 547
254 304 547
2 32 571
32 2 571
371 326 643
326 371 643
38 327 978
327 38 978
314 10 803
10 314 803
68 235 250
235 68 250
41 231 186
231 41 186
391 43 923
43 391 923
90 186 50
186 90 50
269 207 234
207 269 234
168 111 640
111 168 640
66 271 437
271 66 437
37 149 432
149 37 432
75 77 761
77 75 761
341 87 563
87 341 563
9 322 812
322 9 812
3 105 349
105 3 349
394 148 623
148 394 623
36 334 25
334 36 25
305 94 610
94 305 610
26 205 250
205 26 250
92 223 873
223 92 873
281 261 823
261 281 823
112 288 100
288 112 100
272 230 539
230 272 539
386 191 661
191 386 661
349 194 718
194 349 718
97 140 466
140 97 466
272 176 553
176 272 553
296 34 199
34 296 199
257 60 404
60 257 404
106 152 28
152 106 28
131 385 41
385 131 41
353 97 281
97 353 281
204 321 711
321 204 711
142 307 255
307 142 255
354 208 49
208 354 49
223 306 190
306 223 190
240 130 318
130 240 318
144 378 552
378 144 552
142 235 564
235 142 564
298 294 869
294 298 869
325 25 254
25 325 254
117 330 504
330 117 504
197 134 25
134 197 25
60 228 85
228 60 85
114 134 493
134 114 493
314 357 951
357 314 951
303 149 433
149 303 433
373 294 611
294 373 611
124 36 799
36 124 799
288 334 893
334 288 893
156 211 118
211 156 118
361 280 1000
280 361 1000
264 30 286
30 264 286
41 90 514
90 41 514
125 156 400
156 125 400
17 22 309
22 17 309
120 326 58
326 120 58
352 299 904
299 352 904
163 375 693
375 163 693
113 215 827
215 113 827
5 371 391
371 5 391
274 285 423
285 274 423
73 149 853
149 73 853
358 190 95
190 358 95
23 267 403
267 23 403
222 285 826
285 222 826
282 357 904
357 282 904
139 309 955
309 139 955
195 24 530
24 195 530
287 137 546
137 287 546
313 142 869
142 313 869
55 368 754
368 55 754
78 41 56
41 78 56
82 399 446
399 82 446
177 22 714
22 177 714
379 196 351
196 379 351
156 78 660
78 156 660
259 170 369
170 259 369
213 365 146
365 213 146
95 252 83
252 95 83
240 117 778
117 240 778
260 173 346
173 260 346
166 203 140
203 166 140
221 237 739
237 221 739
18 14 714
14 18 714
131 346 462
346 131 462
33 54 941
54 33 941
292 314 911
314 292 911
13 79 628
79 13 628
158 174 80
174 158 80
392 366 797
366 392 797
369 227 522
227 369 522
267 393 677
393 267 677
206 166 115
166 206 115
96 184 281
184 96 281
361 316 579
316 361 579
23 301 834
301 23 834
115 194 300
194 115 300
25 159 579
159 25 579
204 317 554
317 204 554
283 309 120
309 283 120
31 231 499
231 31 499
305 50 444
50 305 444
381 256 10
256 381 10
247 304 995
304 247 995
80 266 463
266 80 463
258 241 764
241 258 764
91 356 910
356 91 910
190 333 269
333 190 269
321 137 338
137 321 338
274 20 200
20 274 200
145 3 631
3 145 631
244 308 681
308 244 681
239 242 489
242 239 489
49 89 793
89 49 793
43 169 11
169 43 11
257 380 252
380 257 252
20 23 808
23 20 808
282 166 941
166 282 941
302 87 278
87 302 278
240 313 250
313 240 250
391 58 6
58 391 6
373 254 714
254 373 714
5 94 108
94 5 108
293 95 598
95 293 598
37 90 519
90 37 519
0 347 451
347 0 451
251 367 875
367 251 875
11 201 793
201 11 793
103 104 80
104 103 80
333 296 993
296 333 993
182 287 3
287 182 3
339 260 610
260 339 610
53 265 256
265 53 256
360 110 951
110 360 951
309 99 393
99 309 393
380 99 340
99 380 340
382 303 259
303 382 259
56 266 61
266 56 61
248 369 365
369 248 365
79 302 213
302 79 213
223 37 452
37 223 452
378 376 712
376 378 712
339 381 729
381 339 729
394 294 991
294 394 991
96 155 290
155 96 290
288 135 342
135 288 342
27 70 397
70 27 397
85 126 263
126 85 263
297 327 584
327 297 584
213 358 287
358 213 287
25 182 676
182 25 676
76 112 52
112 76 52
339 51 186
51 339 186
19 45 480
45 19 480
161 93 235
93 161 235
3 381 323
381 3 323
344 360 193
360 344 193
92 397 71
397 92 71
154 295 750
295 154 750
137 60 309
60 137 309
375 86 443
86 375 443
250 114 155
114 250 155
54 6 758
6 54 758
191 25 155
25 191 155
270 187 648
187 270 648
56 142 981
142 56 981
330 86 493
86 330 493
322 130 90
130 322 90
345 284 537
284 345 537
294 373 198
373 294 198
154 301 636
301 154 636
196 103 950
103 196 950
302 157 908
157 302 908
59 300 534
300 59 534
165 170 873
170 165 873
12 179 215
179 12 215
144 109 253
109 144 253
236 384 383
384 236 383
278 329 219
329 278 219
166 223 344
223 166 344
163 330 45
330 163 45
198 126 349
126 198 349
300 381 658
381 300 658
7 392 159
392 7 159
92 158 681
158 92 681
316 122 812
122 316 812
282 267 522
267 282 522
286 55 58
55 286 58
68 333 787
333 68 787
38 100 162
100 38 162
382 215 492
215 382 492
178 366 571
366 178 571
78 218 904
218 78 904
88 225 896
225 88 896
398 270 406
270 398 406
30 186 729
186 30 729
242 21 548
21 242 548
115 307 355
307 115 355
372 328 889
328 372 889
110 366 741
366 110 741
23 300 108
300 23 108
315 31 274
31 315 274
237 109 892
109 237 892
140 149 870
149 140 870
387 147 92
147 387 92
393 178 78
178 393 78
121 20 451
20 121 451
20 87 759
87 20 759
374 59 87
59 374 87
214 121 653
121 214 653
106 144 506
144 106 506
214 11 337
11 214 337
239 248 198
248 239 198
83 388 748
388 83 748
152 376 495
376 152 495
395 321 825
321 395 825
72 394 197
394 72 197
123 14 484
14 123 484
33 340 95
340 33 95
319 155 816
155 319 816
123 261 513
261 123 513
228 27 324
27 228 324
316 219 173
219 316 173
114 302 313
302 114 313
13 6 641
6 13 641
59 1 562
1 59 562
284 25 508
25 284 508
80 100 322
100 80 322
316 133 63
133 316 63
210 52 970
52 210 970
178 128 783
128 178 783
242 356 963
356 242 963
365 225 782
225 365 782
289 291 484
291 289 484
154 304 642
304 154 642
394 363 643
363 394 643
108 199 620
199 108 620
215 280 321
280 215 321
289 148 854
148 289 854
303 310 659
310 303 659
24 88 387
88 24 387
6 282 895
282 6 895
368 248 520
248 368 520
101 89 811
89 101 811
184 243 867
243 184 867
177 190 831
190 177 831
219 298 230
298 219 230
239 65 262
65 239 262
311 306 410
306 311 410
164 209 121
209 164 121
374 233 561
233 374 561
360 192 596
192 360 596
255 112 844
112 255 844
326 214 533
214 326 533
289 350 329
350 289 329
155 128 519
128 155 519
337 299 17
299 337 17
319 90 34
90 319 34
132 1 541
1 132 541
142 118 950
118 142 950
14 92 936
92 14 936
326 53 928
53 326 928
121 260 240
260 121 240
116 138 654
138 116 654
201 27 357
27 201 357
129 135 285
135 129 285
247 72 784
72 247 784
215 343 475
343 215 475
248 76 676
76 248 676
188 170 594
170 188 594
290 184 239
184 290 239
225 62 644
62 225 644
304 136 56
136 304 56
95 204 994
204 95 994
101 5 974
5 101 974
57 86 509
86 57 509
141 333 133
333 141 133
76 148 77
148 76 77
150 349 953
349 150 953
178 89 523
89 178 523
323 379 259
379 323 259
161 156 73
156 161 73
356 12 209
12 356 209
11 108 214
108 11 214
205 209 971
209 205 971
378 218 458
218 378 458
238 311 543
311 238 543
170 387 244
387 170 244
46 138 593
138 46 593
350 268 482
268 350 482
72 143 214
143 72 214
330 305 722
305 330 722
155 261 935
261 155 935
163 225 795
225 163 795
328 30 956
30 328 956
51 360 774
360 51 774
308 150 885
150 308 885
2 320 72
320 2 72
245 319 162
319 245 162
37 269 182
269 37 182
271 294 726
294 271 726
36 176 383
176 36 383
357 331 796
331 357 796
243 95 21
95 243 21
237 375 403
375 237 403
392 26 915
26 392 915
365 286 65
286 365 65
201 289 338
289 201 338
73 134 457
134 73 457
386 124 78
124 386 78
168 347 372
347 168 372
45 383 949
383 45 949
227 292 880
292 227 880
222 136 727
136 222 727
43 373 703
373 43 703
245 318 481
318 245 481
360 283 168
283 360 168
224 37 9
37 224 9
313 62 895
62 313 895
369 48 419
48 369 419
199 168 118
168 199 118
370 213 853
213 370 853
318 40 346
40 318 346
150 263 234
263 150 234
76 258 959
258 76 959
330 103 477
103 330 477
211 15 913
15 211 913
330 192 150
192 330 150
290 105 612
105 290 612
384 75 812
75 384 812
203 274 933
274 203 933
272 196 346
196 272 346
325 67 139
67 325 139
222 217 754
217 222 754
255 245 212
245 255 212
213 176 267
176 213 267
90 339 483
339 90 483
154 221 275
221 154 275
303 111 980
111 303 980
66 95 407
95 66 407
229 250 633
250 229 633
161 75 30
75 161 30
259 0 897
0 259 897
349 222 466
222 349 466
302 29 111
29 302 111
65 242 239
242 65 239
331 284 330
284 331 330
165 38 551
38 165 551
191 293 614
293 191 614
323 359 62
359 323 62
129 189 664
189 129 664
162 302 539
302 162 539
343 161 891
161 343 891
239 110 65
110 239 65
304 364 294
364 304 294
166 29 537
29 166 537
205 313 973
313 205 973
134 30 812
30 134 812
237 222 905
222 237 905
2 145 217
145 2 217
215 226 558
226 215 558
279 388 860
388 279 860
369 283 822
283 369 822
12 74 284
74 12 284
276 378 649
378 276 649
170 97 478
97 170 478
258 302 743
302 258 743
230 388 574
388 230 574
193 177 596
177 193 596
50 132 493
132 50 493
218 347 319
347 218 319
175 178 60
178 175 60
386 148 743
148 386 743
359 160 618
160 359 618
43 388 148
388 43 148
91 110 445
110 91 445
120 368 99
368 120 99
63 151 440
151 63 440
36 296 369
296 36 369
183 346 501
346 183 501
75 116 249
116 75 249
193 291 979
291 193 979
252 230 527
230 252 527
147 189 839
189 147 839
164 232 980
232 164 980
63 275 890
275 63 890
108 396 459
396 108 459
358 59 362
59 358 362
149 47 58
47 149 58
118 230 157
230 118 157
170 257 873
257 170 873
170 2 117
2 170 117
349 255 747
255 349 747
227 2 936
2 227 936
266 118 321
118 266 321
245 181 196
181 245 196
334 241 392
241 334 392
344 152 3
152 344 3
57 301 602
301 57 602
115 371 784
371 115 784
23 142 41
142 23 41
47 312 44
312 47 44
363 261 851
261 363 851
61 89 205
89 61 205
349 307 75
307 349 75
69 104 256
104 69 256
16 390 250
390 16 250
360 335 802
335 360 802
362 344 55
344 362 55
316 59 27
59 316 27
99 34 569
34 99 569
92 82 633
82 92 633
87 397 495
397 87 495
289 11 736
11 289 736
93 360 843
360 93 843
319 381 147
381 319 147
326 349 889
349 326 889
175 309 176
309 175 176
128 224 721
224 128 721
383 140 580
140 383 580
209 239 967
239 209 967
129 283 49
283 129 49
361 370 646
370 361 646
7 259 857
259 7 857
142 304 969
304 142 969
184 223 302
223 184 302
282 150 52
150 282 52
371 277 961
277 371 961
298 6 385
6 298 385
218 341 277
341 218 277
150 102 717
102 150 717
116 231 152
231 116 152
164 144 275
144 164 275
161 152 286
152 161 286
170 294 391
294 170 391
138 31 366
31 138 366
392 265 468
265 392 468
243 188 946
188 243 946
355 87 952
87 355 952
292 257 245
257 292 245
368 7 147
7 368 147
236 123 578
123 236 578
388 239 874
239 388 874
14 1 826
1 14 826
299 171 873
171 299 873
41 261 856
261 41 856
7 205 273
205 7 273
74 0 662
0 74 662
19 356 901
356 19 901
322 200 358
200 322 358
166 168 966
168 166 966
64 357 41
357 64 41
241 297 281
297 241 281
115 311 682
311 115 682
92 210 805
210 92 805
316 252 266
252 316 266
171 211 72
211 171 72
244 285 272
285 244 272
57 257 180
257 57 180
309 131 180
131 309 180
66 250 901
250 66 901
183 314 58
314 183 58
24 108 155
108 24 155
104 175 466
175 104 466
137 267 628
267 137 628
341 184 32
184 341 32
358 307 43
307 358 43
181 103 481
103 181 481
5 160 938
160 5 938
136 69 421
69 136 421
116 88 471
88 116 471
168 223 938
223 168 938
177 247 46
247 177 46
131 303 21
303 131 21
348 392 40
392 348 40
327 285 976
285 327 976
159 244 36
244 159 36
201 377 139
377 201 139
81 382 652
382 81 652
170 119 473
119 170 473
391 187 961
187 391 961
13 307 785
307 13 785
302 84 984
84 302 984
347 167 840
167 347 840
119 67 32
67 119 32
111 394 718
394 111 718
238 153 514
153 238 514
273 307 491
307 273 491
364 340 626
340 364 626
215 111 97
111 215 97
87 54 84
54 87 84
0 19 543
19 0 543
184 322 827
322 184 827
119 221 146
221 119 146
358 293 613
293 358 613
190 356 559
356 190 559
259 194 665
194 259 665
172 20 972
20 172 972
14 384 664
384 14 664
239 151 975
151 239 975
135 238 381
238 135 381
170 190 353
190 170 353
112 374 827
374 112 827
90 46 200
46 90 200
187 4 493
4 187 493
399 146 449
146 399 449
158 5 396
5 158 396
374 129 368
129 374 368
145 144 152
144 145 152
208 383 455
383 208 455
335 71 45
71 335 45
67 241 236
241 67 236
219 306 162
306 219 162
197 348 808
348 197 808
397 136 365
136 397 365
41 135 511
135 41 511
42 245 669
245 42 669
237 219 350
219 237 350
4 316 694
316 4 694
107 77 30
77 107 30
361 364 453
364 361 453
5 31 694
31 5 694
192 203 352
203 192 352
354 0 901
0 354 901
161 349 837
349 161 837
325 391 124
391 325 124
188 385 970
385 188 970
8 222 741
222 8 741
357 178 410
178 357 410
3 237 287
237 3 287
32 150 51
150 32 51
36 107 434
107 36 434
281 300 437
300 281 437
33 254 590
254 33 590
133 367 91
367 133 91
369 245 82
245 369 82
292 33 419
33 292 419
13 41 441
41 13 441
354 398 571
398 354 571
115 353 960
353 115 960
1 337 62
337 1 62
251 373 570
373 251 570
84 255 422
255 84 422
73 288 76
288 73 76
14 373 395
373 14 395
304 342 40
342 304 40
138 186 225
186 138 225
356 152 266
152 356 266
349 58 217
58 349 217
71 173 770
173 71 770
383 174 660
174 383 660
44 377 633
377 44 633
213 13 88
13 213 88
234 38 728
38 234 728
61 52 101
52 61 101
208 357 43
357 208 43
199 47 382
47 199 382
224 3 734
3 224 734
241 304 192
304 241 192
209 376 165
376 209 165
131 359 291
359 131 291
390 355 268
355 390 268
222 169 881
169 222 881
262 355 920
355 262 920
189 369 324
369 189 324
90 129 833
129 90 833
284 328 880
328 284 880
265 152 236
152 265 236
350 394 340
394 350 340
93 155 468
155 93 468
9 286 579
286 9 579
99 276 735
276 99 735
166 51 856
51 166 856
199 313 363
313 199 363
270 102 684
102 270 684
393 144 213
144 393 213
378 29 342
29 378 342
57 246 646
246 57 646
44 149 392
149 44 392
336 242 148
242 336 148
155 252 34
252 155 34
334 351 711
351 334 711
20 70 514
70 20 514
275 221 827
221 275 827
389 91 729
91 389 729
73 36 26
36 73 26
285 366 55
366 285 55
378 24 253
24 378 253
224 20 2
20 224 2
367 356 845
356 367 845
314 112 649
112 314 649
148 398 1000
398 148 1000
210 18 222
18 210 222
323 245 843
245 323 843
301 234 486
234 301 486
381 307 475
307 381 475
206 145 641
145 206 641
60 75 217
75 60 217
65 251 438
251 65 438
266 219 994
219 266 994
262 133 58
133 262 58
110 233 856
233 110 856
262 395 474
395 262 474
83 318 119
318 83 119
126 171 506
171 126 506
163 153 613
153 163 613
237 359 710
359 237 710
278 372 786
372 278 786
246 37 837
37 246 837
283 303 256
303 283 256
229 166 542
166 229 542
238 228 375
228 238 375
294 90 171
90 294 171
319 174 441
174 319 441
190 252 13
252 190 13
295 367 318
367 295 318
259 205 677
205 259 677
321 35 849
35 321 849
106 281 438
281 106 438
94 117 94
117 94 94
302 298 660
298 302 660
243 136 840
136 243 840
369 382 931
382 369 931
139 302 857
302 139 857
132 92 461
92 132 461
296 339 228
339 296 228
213 150 633
150 213 633
41 71 20
71 41 20
242 129 254
129 242 254
79 224 771
224 79 771
172 126 621
126 172 621
383 321 157
321 383 157
375 290 940
290 375 940
105 382 794
382 105 794
313 66 486
66 313 486
373 314 577
314 373 577
0 127 327
127 0 327
185 120 799
120 185 799
4 314 128
314 4 128
57 346 504
346 57 504
179 70 182
70 179 182
199 54 703
54 199 703
356 381 146
381 356 146
47 86 328
86 47 328
40 351 394
351 40 394
77 324 708
324 77 708
53 324 587
324 53 587
131 61 59
61 131 59
281 66 974
66 281 974
161 75 120
75 161 120
264 255 590
255 264 590
46 6 396
6 46 396
148 314 729
314 148 729
93 361 815
361 93 815
372 353 918
353 372 918
317 30 442
30 317 442
176 35 319
35 176 319
114 167 180
167 114 180
173 48 398
48 173 398
98 209 874
209 98 874
369 26 81
26 369 81
310 72 287
72 310 287
258 172 2
172 258 2
186 218 515
218 186 515
153 142 269
142 153 269
70 60 99
60 70 99
312 188 935
188 312 935
382 303 454
303 382 454
161 28 454
28 161 454
311 78 416
78 311 416
184 47 842
47 184 842
264 309 266
309 264 266
302 167 390
167 302 390
303 354 8
354 303 8
170 59 503
59 170 503
38 129 915
129 38 915
336 393 303
393 336 303
222 375 606
375 222 606
227 89 586
89 227 586
281 0 864
0 281 864
96 136 263
136 96 263
289 352 373
352 289 373
154 254 940
254 154 940
143 110 46
110 143 46
303 280 505
280 303 505
205 270 587
270 205 587
119 158 380
158 119 380
173 333 908
333 173 908
131 160 349
160 131 349
116 41 101
41 116 101
132 89 37
89 132 37
194 330 589
330 194 589
118 84 395
84 118 395
258 180 457
180 258 457
255 35 289
35 255 289
312 192 159
192 312 159
98 311 518
311 98 518
229 36 3
36 229 3
288 167 363
167 288 363
36 284 757
284 36 757
136 368 598
368 136 598
324 162 729
162 324 729
64 281 413
281 64 413
59 91 745
91 59 745
67 298 380
298 67 380
356 210 172
210 356 172
66 260 35
260 66 35
335 42 272
42 335 272
137 330 839
330 137 839
52 367 675
367 52 675
8 55 643
55 8 643
5 380 358
380 5 358
333 44 191
44 333 191
298 55 434
55 298 434
394 123 132
123 394 132
174 31 495
31 174 495
97 49 107
49 97 107
332 385 349
385 332 349
155 74 480
74 155 480
193 126 199
126 193 199
20 134 606
134 20 606
214 92 386
92 214 386
