0 1 997
1 0 997
1 2 557
2 1 557
2 3 706
3 2 706
3 4 920
4 3 920
4 5 892
5 4 892
5 6 387
6 5 387
6 7 771
7 6 771
7 8 227
8 7 227
8 9 350
9 8 350
9 10 183
10 9 183
10 11 452
11 10 452
11 12 760
12 11 760
12 13 922
13 12 922
13 14 522
14 13 522
14 15 233
15 14 233
15 16 20
16 15 20
16 17 185
17 16 185
17 18 250
18 17 250
18 19 61
19 18 61
19 20 200
20 19 200
20 21 514
21 20 514
21 22 853
22 21 853
22 23 66
23 22 66
23 24 494
24 23 494
24 25 404
25 24 404
25 26 1000
26 25 1000
26 27 622
27 26 622
27 28 77
28 27 77
28 29 495
29 28 495
29 30 783
30 29 783
30 31 364
31 30 364
31 32 491
32 31 491
32 33 339
33 32 339
33 34 69
34 33 69
34 35 763
35 34 763
35 36 582
36 35 582
36 37 455
37 36 455
37 38 533
38 37 533
38 39 160
39 38 160
39 40 156
40 39 156
40 41 67
41 40 67
41 42 611
42 41 611
42 43 267
43 42 267
43 44 988
44 43 988
44 45 485
45 44 485
45 46 499
46 45 499
46 47 359
47 46 359
47 48 669
48 47 669
48 49 100
49 48 100
49 50 772
50 49 772
50 51 221
51 50 221
51 52 614
52 51 614
52 53 624
53 52 624
53 54 638
54 53 638
54 55 459
55 54 459
55 56 379
56 55 379
56 57 637
57 56 637
57 58 80
58 57 80
58 59 455
59 58 455
59 60 484
60 59 484
60 61 862
61 60 862
61 62 170
62 61 170
62 63 974
63 62 974
63 64 552
64 63 552
64 65 238
65 64 238
65 66 88
66 65 88
66 67 485
67 66 485
67 68 45
68 67 45
68 69 972
69 68 972
69 70 644
70 69 644
70 71 552
71 70 552
71 72 390
72 71 390
72 73 606
73 72 606
73 74 819
74 73 819
74 75 378
75 74 378
75 76 90
76 75 90
76 77 669
77 76 669
77 78 736
78 77 736
78 79 759
79 78 759
79 80 769
80 79 769
80 81 507
81 80 507
81 82 979
82 81 979
82 83 734
83 82 734
83 84 482
84 83 482
84 85 616
85 84 616
85 86 192
86 85 192
86 87 213
87 86 213
87 88 604
88 87 604
88 89 271
89 88 271
89 90 667
90 89 667
90 91 87
91 90 87
91 92 484
92 91 484
92 93 837
93 92 837
93 94 413
94 93 413
94 95 387
95 94 387
95 96 426
96 95 426
96 97 852
97 96 852
97 98 871
98 97 871
98 99 822
99 98 822
99 100 824
100 99 824
100 101 514
101 100 514
101 102 726
102 101 726
102 103 213
103 102 213
103 104 119
104 103 119
104 105 544
105 104 544
105 106 942
106 105 942
106 107 209
107 106 209
107 108 212
108 107 212
108 109 30
109 108 30
109 110 319
110 109 319
110 111 332
111 110 332
111 112 888
112 111 888
112 113 297
113 112 297
113 114 417
114 113 417
114 115 370
115 114 370
115 116 264
116 115 264
116 117 608
117 116 608
117 118 934
118 117 934
118 119 219
119 118 219
119 120 230
120 119 230
120 121 600
121 120 600
121 122 306
122 121 306
122 123 65
123 122 65
123 124 788
124 123 788
124 125 70
125 124 70
125 126 451
126 125 451
126 127 566
127 126 566
127 128 921
128 127 921
128 129 673
129 128 673
129 130 739
130 129 739
130 131 96
131 130 96
131 132 538
132 131 538
132 133 464
133 132 464
133 134 309
134 133 309
134 135 9
135 134 9
135 136 7
136 135 7
136 137 250
137 136 250
137 138 569
138 137 569
138 139 571
139 138 571
139 140 631
140 139 631
140 141 887
141 140 887
141 142 254
142 141 254
142 143 519
143 142 519
143 144 535
144 143 535
144 145 671
145 144 671
145 146 240
146 145 240
146 147 150
147 146 150
147 148 630
148 147 630
148 149 173
149 148 173
149 150 368
150 149 368
150 151 860
151 150 860
151 152 124
152 151 124
152 153 25
153 152 25
153 154 276
154 153 276
154 155 912
155 154 912
155 156 94
156 155 94
156 157 79
157 156 79
157 158 829
158 157 829
158 159 367
159 158 367
159 160 751
160 159 751
160 161 567
161 160 567
161 162 462
162 161 462
162 163 289
163 162 289
163 164 31
164 163 31
164 165 122
165 164 122
165 166 649
166 165 649
166 167 389
167 166 389
167 168 724
168 167 724
168 169 217
169 168 217
169 170 959
170 169 959
170 171 354
171 170 354
171 172 103
172 171 103
172 173 565
173 172 565
173 174 872
174 173 872
174 175 637
175 174 637
175 176 235
176 175 235
176 177 111
177 176 111
177 178 786
178 177 786
178 179 864
179 178 864
179 180 635
180 179 635
180 181 505
181 180 505
181 182 75
182 181 75
182 183 759
183 182 759
183 184 530
184 183 530
184 185 703
185 184 703
185 186 22
186 185 22
186 187 975
187 186 975
187 188 781
188 187 781
188 189 850
189 188 850
189 190 341
190 189 341
190 191 531
191 190 531
191 192 416
192 191 416
192 193 155
193 192 155
193 194 171
194 193 171
194 195 798
195 194 798
195 196 276
196 195 276
196 197 819
197 196 819
197 198 187
198 197 187
198 199 351
199 198 351
199 200 387
200 199 387
200 201 497
201 200 497
201 202 705
202 201 705
202 203 489
203 202 489
203 204 61
204 203 61
204 205 576
205 204 576
205 206 477
206 205 477
206 207 295
207 206 295
207 208 39
208 207 39
208 209 262
209 208 262
209 210 511
210 209 511
210 211 673
211 210 673
211 212 119
212 211 119
212 213 937
213 212 937
213 214 783
214 213 783
214 215 648
215 214 648
215 216 639
216 215 639
216 217 804
217 216 804
217 218 622
218 217 622
218 219 771
219 218 771
219 220 653
220 219 653
220 221 315
221 220 315
221 222 654
222 221 654
222 223 421
223 222 421
223 224 821
224 223 821
224 225 176
225 224 176
225 226 218
226 225 218
226 227 96
227 226 96
227 228 995
228 227 995
228 229 756
229 228 756
229 230 447
230 229 447
230 231 381
231 230 381
231 232 253
232 231 253
232 233 503
233 232 503
233 234 222
234 233 222
234 235 313
235 234 313
235 236 430
236 235 430
236 237 698
237 236 698
237 238 960
238 237 960
238 239 468
239 238 468
239 240 312
240 239 312
240 241 822
241 240 822
241 242 493
242 241 493
242 243 430
243 242 430
243 244 758
244 243 758
244 245 275
245 244 275
245 246 429
246 245 429
246 247 749
247 246 749
247 248 79
248 247 79
248 249 50
249 248 50
249 250 519
250 249 519
250 251 83
251 250 83
251 252 716
252 251 716
252 253 524
253 252 524
253 254 503
254 253 503
254 255 536
255 254 536
255 256 700
256 255 700
256 257 73
257 256 73
257 258 984
258 257 984
258 259 46
259 258 46
259 260 828
260 259 828
260 261 782
261 260 782
261 262 426
262 261 426
262 263 80
263 262 80
263 264 284
264 263 284
264 265 999
265 264 999
265 266 393
266 265 393
266 267 713
267 266 713
267 268 697
268 267 697
268 269 352
269 268 352
269 270 533
270 269 533
270 271 360
271 270 360
271 272 525
272 271 525
272 273 25
273 272 25
273 274 141
274 273 141
274 275 282
275 274 282
275 276 651
276 275 651
276 277 569
277 276 569
277 278 382
278 277 382
278 279 729
279 278 729
279 280 970
280 279 970
280 281 253
281 280 253
281 282 164
282 281 164
282 283 686
283 282 686
283 284 776
284 283 776
284 285 18
285 284 18
285 286 573
286 285 573
286 287 475
287 286 475
287 288 90
288 287 90
288 289 556
289 288 556
289 290 520
290 289 520
290 291 270
291 290 270
291 292 337
292 291 337
292 293 298
293 292 298
293 294 349
294 293 349
294 295 972
295 294 972
295 296 296
296 295 296
296 297 93
297 296 93
297 298 37
298 297 37
298 299 344
299 298 344
299 0 796
0 299 796
68 54 320
54 68 320
44 294 954
294 44 954
294 62 335
62 294 335
75 232 939
232 75 939
238 169 715
169 238 715
55 141 541
141 55 541
97 49 61
49 97 61
66 237 358
237 66 358
166 109 5
109 166 5
259 45 701
45 259 701
106 165 755
165 106 755
226 209 302
209 226 302
231 203 64
203 231 64
165 30 148
30 165 148
156 268 269
268 156 269
70 76 963
76 70 963
110 173 212
173 110 212
22 291 149
291 22 149
231 157 410
157 231 410
236 168 707
168 236 707
288 27 572
27 288 572
94 5 733
5 94 733
195 236 137
236 195 137
111 153 567
153 111 567
10 9 188
9 10 188
79 131 664
131 79 664
41 242 789
242 41 789
52 264 832
264 52 832
52 248 141
248 52 141
162 184 162
184 162 162
120 224 689
224 120 689
192 18 394
18 192 394
224 214 230
214 224 230
212 25 235
25 212 235
231 35 645
35 231 645
218 166 876
166 218 876
33 207 470
207 33 470
73 11 487
11 73 487
104 64 635
64 104 635
96 278 271
278 96 271
257 150 95
150 257 95
145 42 213
42 145 213
90 19 279
19 90 279
271 283 4
283 271 4
6 214 592
214 6 592
102 184 958
184 102 958
277 217 66
217 277 66
147 290 829
290 147 829
85 146 45
146 85 45
219 243 475
243 219 475
289 200 826
200 289 826
283 98 20
98 283 20
47 240 439
240 47 439
26 212 275
212 26 275
81 270 389
270 81 389
172 72 674
72 172 674
182 49 143
49 182 143
99 248 586
248 99 586
27 33 832
33 27 832
72 4 727
4 72 727
146 293 80
293 146 80
71 28 930
28 71 930
143 128 670
128 143 670
181 206 882
206 181 882
255 287 152
287 255 152
296 212 124
212 296 124
221 94 26
94 221 26
63 193 326
193 63 326
248 272 512
272 248 512
32 96 216
96 32 216
110 295 710
295 110 710
89 118 790
118 89 790
218 261 318
261 218 318
40 143 924
143 40 924
21 150 964
150 21 964
25 146 676
146 25 676
100 119 722
119 100 722
277 183 167
183 277 167
103 183 191
183 103 191
14 267 488
267 14 488
229 78 883
78 229 883
190 219 201
219 190 201
232 190 463
190 232 463
101 230 458
230 101 458
125 3 108
3 125 108
240 28 507
28 240 507
267 181 326
181 267 326
140 158 61
158 140 61
206 261 297
261 206 297
296 275 864
275 296 864
235 257 194
257 235 194
117 199 366
199 117 366
118 131 956
131 118 956
132 233 338
233 132 338
289 110 41
110 289 41
48 50 922
50 48 922
254 69 103
69 254 103
32 209 961
209 32 961
44 167 823
167 44 823
240 163 550
163 240 550
104 99 359
99 104 359
149 268 959
268 149 959
114 138 490
138 114 490
21 270 623
270 21 623
158 259 985
259 158 985
299 8 835
8 299 835
272 14 904
14 272 904
74 98 265
98 74 265
86 143 732
143 86 732
60 83 848
83 60 848
10 239 99
239 10 99
20 141 367
141 20 367
178 255 206
255 178 206
220 277 76
277 220 76
194 187 788
187 194 788
279 238 96
238 279 96
165 210 562
210 165 562
121 36 161
36 121 161
285 123 304
123 285 304
17 183 639
183 17 639
264 245 31
245 264 31
62 266 672
266 62 672
180 196 279
196 180 279
85 116 808
116 85 808
13 63 596
63 13 596
200 42 386
42 200 386
147 207 749
207 147 749
160 28 785
28 160 785
220 14 808
14 220 808
175 83 344
83 175 344
266 47 941
47 266 941
48 161 959
161 48 959
219 41 356
41 219 356
149 127 324
127 149 324
57 192 487
192 57 487
204 144 829
144 204 829
41 43 889
43 41 889
89 203 569
203 89 569
174 176 783
176 174 783
133 103 966
103 133 966
28 69 965
69 28 965
169 117 526
117 169 526
27 88 368
88 27 368
82 238 47
238 82 47
58 47 991
47 58 991
44 3 635
3 44 635
125 44 130
44 125 130
165 134 333
134 165 333
233 60 109
60 233 109
68 193 465
193 68 465
285 274 334
274 285 334
250 143 804
143 250 804
127 170 544
170 127 544
46 5 834
5 46 834
144 115 481
115 144 481
134 211 136
211 134 136
20 88 833
88 20 833
249 253 319
253 249 319
134 239 379
239 134 379
194 7 524
7 194 524
58 44 98
44 58 98
44 294 393
294 44 393
147 174 664
174 147 664
90 272 321
272 90 321
24 117 688
117 24 688
56 3 899
3 56 899
144 76 488
76 144 488
276 77 693
77 276 693
46 211 732
211 46 732
176 106 91
106 176 91
199 216 736
216 199 736
249 260 982
260 249 982
141 159 356
159 141 356
256 250 281
250 256 281
128 26 98
26 128 98
115 134 853
134 115 853
14 30 829
30 14 829
53 58 859
58 53 859
45 104 570
104 45 570
277 280 128
280 277 128
19 232 997
232 19 997
54 181 157
181 54 157
136 74 117
74 136 117
143 31 419
31 143 419
123 211 897
211 123 897
272 27 383
27 272 383
125 93 14
93 125 14
105 146 972
146 105 972
163 243 577
243 163 577
185 220 909
220 185 909
64 240 141
240 64 141
160 46 74
46 160 74
269 182 749
182 269 749
185 78 532
78 185 532
155 201 743
201 155 743
203 174 422
174 203 422
85 51 115
51 85 115
298 156 13
156 298 13
22 72 457
72 22 457
150 9 529
9 150 529
258 73 321
73 258 321
51 286 568
286 51 568
24 255 250
255 24 250
72 192 428
192 72 428
255 47 382
47 255 382
298 250 208
250 298 208
171 87 759
87 171 759
138 86 567
86 138 567
250 108 491
108 250 491
6 10 100
10 6 100
87 268 226
268 87 226
107 19 512
19 107 512
174 96 467
96 174 467
176 220 911
220 176 911
255 176 558
176 255 558
236 226 360
226 236 360
143 149 699
149 143 699
153 287 885
287 153 885
72 238 945
238 72 945
62 296 807
296 62 807
114 83 676
83 114 676
239 243 747
243 239 747
50 117 95
117 50 95
168 293 116
293 168 116
178 249 44
249 178 44
287 237 622
237 287 622
98 133 271
133 98 271
296 286 459
286 296 459
33 110 549
110 33 549
229 173 645
173 229 645
136 287 981
287 136 981
63 278 524
278 63 524
61 80 193
80 61 193
156 248 887
248 156 887
171 178 88
178 171 88
166 217 825
217 166 825
87 67 10
67 87 10
157 115 49
115 157 49
215 200 859
200 215 859
15 182 932
182 15 932
60 18 71
18 60 71
292 133 149
133 292 149
167 194 381
194 167 381
159 102 881
102 159 881
145 273 911
273 145 911
184 191 28
191 184 28
161 278 647
278 161 647
270 188 763
188 270 763
118 155 315
155 118 315
77 171 897
171 77 897
260 283 667
283 260 667
183 275 300
275 183 300
83 142 247
142 83 247
64 1 249
1 64 249
44 199 775
199 44 775
255 83 866
83 255 866
134 244 497
244 134 497
81 267 585
267 81 585
195 85 940
85 195 940
209 214 111
214 209 111
106 227 94
227 106 94
72 110 221
110 72 221
224 193 663
193 224 663
270 9 317
9 270 317
118 54 716
54 118 716
292 61 651
61 292 651
110 195 596
195 110 596
206 28 263
28 206 263
190 275 700
275 190 700
29 185 415
185 29 415
92 43 42
43 92 42
85 115 4
115 85 4
106 39 97
39 106 97
20 61 407
61 20 407
236 180 813
180 236 813
103 224 874
224 103 874
54 86 321
86 54 321
249 292 802
292 249 802
163 182 77
182 163 77
162 264 462
264 162 462
128 56 557
56 128 557
21 193 973
193 21 973
24 51 64
51 24 64
221 72 726
72 221 726
179 60 558
60 179 558
243 164 334
164 243 334
16 270 921
270 16 921
88 219 165
219 88 165
241 134 300
134 241 300
18 48 264
48 18 264
31 177 872
177 31 872
88 198 217
198 88 217
12 275 169
275 12 169
275 248 93
248 275 93
52 127 953
127 52 953
61 70 169
70 61 169
47 138 39
138 47 39
67 278 510
278 67 510
131 220 196
220 131 196
182 238 445
238 182 445
145 21 374
21 145 374
268 109 24
109 268 24
285 121 399
121 285 399
53 149 947
149 53 947
297 253 426
253 297 426
1 15 296
15 1 296
170 62 486
62 170 486
60 181 965
181 60 965
222 64 885
64 222 885
217 247 675
247 217 675
261 144 796
144 261 796
286 113 158
113 286 158
210 150 379
150 210 379
108 255 580
255 108 580
7 252 134
252 7 134
32 253 301
253 32 301
180 123 63
123 180 63
165 236 396
236 165 396
181 158 760
158 181 760
65 75 807
75 65 807
291 89 152
89 291 152
187 75 17
75 187 17
296 37 267
37 296 267
226 146 422
146 226 422
6 205 574
205 6 574
91 237 379
237 91 379
191 117 303
117 191 303
105 35 791
35 105 791
200 216 649
216 200 649
59 34 776
34 59 776
218 25 265
25 218 265
169 264 193
264 169 193
37 260 230
260 37 230
3 239 128
239 3 128
276 245 833
245 276 833
149 36 771
36 149 771
27 279 940
279 27 940
81 84 475
84 81 475
123 284 44
284 123 44
271 95 178
95 271 178
247 13 255
13 247 255
63 234 72
234 63 72
7 271 784
271 7 784
237 26 123
26 237 123
116 2 668
2 116 668
149 203 256
203 149 256
171 283 835
283 171 835
10 116 171
116 10 171
237 240 955
240 237 955
132 263 651
263 132 651
9 262 416
262 9 416
15 78 51
78 15 51
38 85 274
85 38 274
22 74 1
74 22 1
244 191 355
191 244 355
164 40 559
40 164 559
171 211 694
211 171 694
158 273 710
273 158 710
228 210 102
210 228 102
283 94 166
94 283 166
185 103 28
103 185 28
100 171 306
171 100 306
250 209 544
209 250 544
124 283 618
283 124 618
76 228 9
228 76 9
30 144 549
144 30 549
240 67 712
67 240 712
133 225 86
225 133 86
195 154 848
154 195 848
196 137 43
137 196 43
213 74 198
74 213 198
141 174 921
174 141 921
198 177 283
177 198 283
93 53 66
53 93 66
11 129 746
129 11 746
119 159 990
159 119 990
20 100 758
100 20 758
131 285 235
285 131 235
268 180 889
180 268 889
68 77 378
77 68 378
262 290 352
290 262 352
259 183 227
183 259 227
232 134 756
134 232 756
114 227 509
227 114 509
279 290 838
290 279 838
125 110 449
110 125 449
166 182 901
182 166 901
275 65 887
65 275 887
10 34 467
34 10 467
198 154 96
154 198 96
276 116 939
116 276 939
179 75 22
75 179 22
257 59 708
59 257 708
212 173 188
173 212 188
220 153 78
153 220 78
109 30 740
30 109 740
210 196 722
196 210 722
110 224 88
224 110 88
48 234 274
234 48 274
115 184 128
184 115 128
10 160 44
160 10 44
0 40 571
40 0 571
122 297 631
297 122 631
181 262 504
262 181 504
168 234 609
234 168 609
146 44 339
44 146 339
285 6 388
6 285 388
59 116 512
116 59 512
146 165 946
165 146 946
19 32 930
32 19 930
98 94 843
94 98 843
241 95 35
95 241 35
263 269 84
269 263 84
45 150 746
150 45 746
249 71 881
71 249 881
109 269 677
269 109 677
0 254 935
254 0 935
87 13 203
13 87 203
150 211 368
211 150 368
147 282 952
282 147 952
28 80 699
80 28 699
122 73 194
73 122 194
256 37 515
37 256 515
192 82 17
82 192 17
37 83 888
83 37 888
169 193 557
193 169 557
97 245 764
245 97 764
83 84 229
84 83 229
186 234 41
234 186 41
205 133 823
133 205 823
257 161 704
161 257 704
155 284 77
284 155 77
200 292 866
292 200 866
214 184 349
184 214 349
182 274 732
274 182 732
170 195 977
195 170 977
178 45 422
45 178 422
141 128 158
128 141 158
170 14 992
14 170 992
110 220 925
220 110 925
84 229 239
229 84 239
139 84 423
84 139 423
216 36 567
36 216 567
133 2 52
2 133 52
81 184 678
184 81 678
165 54 973
54 165 973
193 233 318
233 193 318
115 126 999
126 115 999
224 296 513
296 224 513
216 158 285
158 216 285
92 243 914
243 92 914
130 134 450
134 130 450
204 102 86
102 204 86
271 236 40
236 271 40
222 17 625
17 222 625
199 182 431
182 199 431
123 76 16
76 123 16
93 243 143
243 93 143
191 167 391
167 191 391
3 135 802
135 3 802
88 228 197
228 88 197
153 110 631
110 153 631
3 15 534
15 3 534
188 286 770
286 188 770
128 260 687
260 128 687
4 159 722
159 4 722
234 34 850
34 234 850
202 127 845
127 202 845
296 18 864
18 296 864
86 74 900
74 86 900
87 214 580
214 87 580
83 67 790
67 83 790
266 70 657
70 266 657
199 11 43
11 199 43
68 191 703
191 68 703
6 195 314
195 6 314
127 181 201
181 127 201
128 135 328
135 128 328
72 131 399
131 72 399
288 270 573
270 288 573
287 57 839
57 287 839
18 193 406
193 18 406
159 228 817
228 159 817
58 291 211
291 58 211
178 182 266
182 178 266
184 129 931
129 184 931
64 62 131
62 64 131
192 198 811
198 192 811
17 81 209
81 17 209
5 51 781
51 5 781
44 161 619
161 44 619
62 106 376
106 62 376
273 265 804
265 273 804
41 75 795
75 41 795
4 5 929
5 4 929
69 189 58
189 69 58
251 5 873
5 251 873
182 198 23
198 182 23
92 267 4
267 92 4
52 272 408
272 52 408
32 16 569
16 32 569
102 130 75
130 102 75
29 155 792
155 29 792
133 197 119
197 133 119
279 253 576
253 279 576
8 22 665
22 8 665
217 25 723
25 217 723
241 207 821
207 241 821
163 51 988
51 163 988
219 155 412
155 219 412
26 187 180
187 26 180
294 41 310
41 294 310
120 71 17
71 120 17
263 256 766
256 263 766
233 287 119
287 233 119
208 47 693
47 208 693
124 265 419
265 124 419
46 258 778
258 46 778
218 122 582
122 218 582
57 41 37
41 57 37
168 67 277
67 168 277
47 113 918
113 47 918
108 285 41
285 108 41
77 0 97
0 77 97
242 285 585
285 242 585
61 193 432
193 61 432
5 69 49
69 5 49
223 168 308
168 223 308
101 86 582
86 101 582
82 196 875
196 82 875
270 116 594
116 270 594
46 216 659
216 46 659
216 76 144
76 216 144
156 153 896
153 156 896
105 96 681
96 105 681
41 209 426
209 41 426
24 214 147
214 24 147
25 138 215
138 25 215
284 291 154
291 284 154
65 125 950
125 65 950
239 95 366
95 239 366
284 194 582
194 284 582
142 110 259
110 142 259
37 18 764
18 37 764
232 175 160
175 232 160
164 268 621
268 164 621
41 293 136
293 41 136
287 70 826
70 287 826
154 54 469
54 154 469
107 171 646
171 107 646
8 162 393
162 8 393
273 146 987
146 273 987
207 288 49
288 207 49
217 25 620
25 217 620
80 9 147
9 80 147
92 225 216
225 92 216
64 266 609
266 64 609
251 5 431
5 251 431
28 159 285
159 28 285
96 18 456
18 96 456
41 26 818
26 41 818
186 52 316
52 186 316
224 11 904
11 224 904
73 280 781
280 73 781
44 112 842
112 44 842
190 204 767
204 190 767
5 21 685
21 5 685
165 272 742
272 165 742
95 1 802
1 95 802
79 97 72
97 79 72
286 191 151
191 286 151
55 129 403
129 55 403
270 53 466
53 270 466
225 126 246
126 225 246
257 222 210
222 257 210
298 113 167
113 298 167
16 170 88
170 16 88
0 36 460
36 0 460
94 131 461
131 94 461
295 263 911
263 295 911
18 1 454
1 18 454
68 109 483
109 68 483
222 79 688
79 222 688
139 57 767
57 139 767
36 14 689
14 36 689
46 65 602
65 46 602
12 133 73
133 12 73
299 186 61
186 299 61
258 280 644
280 258 644
271 27 459
27 271 459
133 45 961
45 133 961
186 166 670
166 186 670
120 88 901
88 120 901
107 280 910
280 107 910
273 16 477
16 273 477
62 241 216
241 62 216
126 74 640
74 126 640
125 260 700
260 125 700
136 240 696
240 136 696
159 267 154
267 159 154
292 65 114
65 292 114
230 231 135
231 230 135
50 71 36
71 50 36
209 51 945
51 209 945
183 120 421
120 183 421
297 182 214
182 297 214
64 9 841
9 64 841
256 186 853
186 256 853
7 74 546
74 7 546
102 233 365
233 102 365
256 225 830
225 256 830
221 155 313
155 221 313
56 257 885
257 56 885
243 167 488
167 243 488
187 102 608
102 187 608
60 151 643
151 60 643
225 267 804
267 225 804
165 223 742
223 165 742
118 231 217
231 118 217
115 85 150
85 115 150
79 93 728
93 79 728
109 15 235
15 109 235
173 71 793
71 173 793
257 66 912
66 257 912
197 5 166
5 197 166
256 65 169
65 256 169
198 43 488
43 198 488
253 208 412
208 253 412
195 78 695
78 195 695
263 193 32
193 263 32
212 273 226
273 212 226
191 134 741
134 191 741
26 7 64
7 26 64
170 17 230
17 170 230
233 266 535
266 233 535
150 222 753
222 150 753
270 173 96
173 270 96
57 126 756
126 57 756
120 73 235
73 120 235
114 36 780
36 114 780
246 1 405
1 246 405
223 192 939
192 223 939
163 270 399
270 163 399
278 192 316
192 278 316
107 177 234
177 107 234
293 27 56
27 293 56
297 49 481
49 297 481
292 107 608
107 292 608
0 279 233
279 0 233
86 94 222
94 86 222
65 92 723
92 65 723
70 15 167
15 70 167
208 230 790
230 208 790
158 208 734
208 158 734
125 67 912
67 125 912
58 60 191
60 58 191
214 110 741
110 214 741
294 154 400
154 294 400
253 154 579
154 253 579
38 240 325
240 38 325
159 6 669
6 159 669
33 128 836
128 33 836
151 88 566
88 151 566
240 247 626
247 240 626
274 72 893
72 274 893
237 131 606
131 237 606
227 97 516
97 227 516
19 91 70
91 19 70
218 97 377
97 218 377
149 187 317
187 149 317
173 46 375
46 173 375
94 79 603
79 94 603
29 282 292
282 29 292
247 223 839
223 247 839
72 249 263
249 72 263
17 186 94
186 17 94
22 113 91
113 22 91
189 185 735
185 189 735
210 103 984
103 210 984
86 4 71
4 86 71
255 178 217
178 255 217
181 24 848
24 181 848
236 53 130
53 236 130
27 52 205
52 27 205
117 177 806
177 117 806
279 194 492
194 279 492
25 268 158
268 25 158
115 209 543
209 115 543
101 119 398
119 101 398
184 258 303
258 184 303
154 265 933
265 154 933
222 146 957
146 222 957
121 82 562
82 121 562
3 161 315
161 3 315
107 30 192
30 107 192
265 10 438
10 265 438
256 87 306
87 256 306
165 202 15
202 165 15
259 4 986
4 259 986
157 188 596
188 157 596
111 95 161
95 111 161
243 17 760
17 243 760
151 139 642
139 151 642
112 194 156
194 112 156
178 53 786
53 178 786
69 18 148
18 69 148
206 275 335
275 206 335
63 192 790
192 63 790
129 152 894
152 129 894
15 9 334
9 15 334
210 172 829
172 210 829
123 115 299
115 123 299
182 266 590
266 182 590
75 130 184
130 75 184
130 9 637
9 130 637
268 130 756
130 268 756
115 89 383
89 115 383
102 152 675
152 102 675
291 282 527
282 291 527
184 49 688
49 184 688
69 11 460
11 69 460
50 134 127
134 50 127
48 68 645
68 48 645
237 144 576
144 237 576
72 274 937
274 72 937
208 294 567
294 208 567
115 110 256
110 115 256
49 264 661
264 49 661
124 255 795
255 124 795
102 191 644
191 102 644
142 260 507
260 142 507
53 10 842
10 53 842
80 58 110
58 80 110
124 47 306
47 124 306
51 119 233
119 51 233
287 80 27
80 287 27
54 247 189
247 54 189
261 297 53
297 261 53
73 173 408
173 73 408
167 27 499
27 167 499
62 169 660
169 62 660
269 223 422
223 269 422
10 3 733
3 10 733
171 179 532
179 171 532
177 231 652
231 177 652
209 270 784
270 209 784
287 76 683
76 287 683
176 38 732
38 176 732
28 111 605
111 28 605
136 31 885
31 136 885
134 93 554
93 134 554
145 62 129
62 145 129
219 124 384
124 219 384
51 48 964
48 51 964
282 225 147
225 282 147
85 186 517
186 85 517
20 173 994
173 20 994
203 49 184
49 203 184
186 78 747
78 186 747
291 266 478
266 291 478
175 152 372
152 175 372
280 298 934
298 280 934
9 269 359
269 9 359
92 20 107
20 92 107
107 54 484
54 107 484
53 192 722
192 53 722
22 212 847
212 22 847
15 167 49
167 15 49
150 54 379
54 150 379
96 97 245
97 96 245
74 24 497
24 74 497
145 56 147
56 145 147
30 65 616
65 30 616
40 210 636
210 40 636
98 69 443
69 98 443
133 123 335
123 133 335
54 197 799
197 54 799
201 264 167
264 201 167
201 114 873
114 201 873
279 210 522
210 279 522
23 36 646
36 23 646
219 233 854
233 219 854
218 264 572
264 218 572
133 56 182
56 133 182
121 155 351
155 121 351
163 288 226
288 163 226
149 95 323
95 149 323
47 48 987
48 47 987
113 249 401
249 113 401
37 228 664
228 37 664
58 3 252
3 58 252
155 222 186
222 155 186
9 140 102
140 9 102
280 26 710
26 280 710
213 147 765
147 213 765
215 10 806
10 215 806
41 211 201
211 41 201
115 258 149
258 115 149
102 72 698
72 102 698
254 109 578
109 254 578
69 220 681
220 69 681
273 75 855
75 273 855
110 84 896
84 110 896
211 116 474
116 211 474
172 29 521
29 172 521
237 245 183
245 237 183
42 38 794
38 42 794
294 153 152
153 294 152
242 7 776
7 242 776
139 14 538
14 139 538
68 135 958
135 68 958
248 108 33
108 248 33
102 218 970
218 102 970
149 181 986
181 149 986
222 54 968
54 222 968
142 43 265
43 142 265
176 137 103
137 176 103
69 131 508
131 69 508
273 73 116
73 273 116
248 264 382
264 248 382
85 32 617
32 85 617
142 32 426
32 142 426
27 134 696
134 27 696
48 284 178
284 48 178
133 206 284
206 133 284
52 101 779
101 52 779
216 277 116
277 216 116
118 99 847
99 118 847
226 72 472
72 226 472
93 72 688
72 93 688
26 210 72
210 26 72
42 104 304
104 42 304
219 131 238
131 219 238
67 179 474
179 67 474
96 65 133
65 96 133
179 117 86
117 179 86
57 34 515
34 57 515
124 204 214
204 124 214
270 182 38
182 270 38
293 275 411
275 293 411
280 1 573
1 280 573
103 96 777
96 103 777
206 67 761
67 206 761
195 134 140
134 195 140
221 230 957
230 221 957
153 161 475
161 153 475
238 218 661
218 238 661
104 42 265
42 104 265
18 64 148
64 18 148
107 109 775
109 107 775
269 141 529
141 269 529
41 244 25
244 41 25
218 202 392
202 218 392
278 150 679
150 278 679
269 71 709
71 269 709
26 276 471
276 26 471
252 266 741
266 252 741
264 70 636
70 264 636
128 88 352
88 128 352
227 248 362
248 227 362
2 217 703
217 2 703
130 259 800
259 130 800
106 229 602
229 106 602
149 259 52
259 149 52
27 228 623
228 27 623
136 6 151
6 136 151
158 10 17
10 158 17
150 274 88
274 150 88
185 103 928
103 185 928
37 30 576
30 37 576
298 84 794
84 298 794
152 214 505
214 152 505
251 72 134
72 251 134
253 222 793
222 253 793
156 249 973
249 156 973
131 137 280
137 131 280
81 47 890
47 81 890
298 198 817
198 298 817
285 83 620
83 285 620
164 172 502
172 164 502
240 222 887
222 240 887
285 75 653
75 285 653
289 26 826
26 289 826
274 31 500
31 274 500
218 240 649
240 218 649
90 71 39
71 90 39
21 152 786
152 21 786
263 150 984
150 263 984
179 187 620
187 179 620
250 52 692
52 250 692
51 292 915
292 51 915
289 29 342
29 289 342
194 18 420
18 194 420
171 44 752
44 171 752
70 262 92
262 70 92
270 104 415
104 270 415
60 178 167
178 60 167
146 141 70
141 146 70
181 72 857
72 181 857
0 74 161
74 0 161
44 125 205
125 44 205
258 167 134
167 258 134
299 113 804
113 299 804
118 284 348
284 118 348
21 106 910
106 21 910
164 76 815
76 164 815
78 137 693
137 78 693
145 35 786
35 145 786
114 216 910
216 114 910
22 269 684
269 22 684
35 13 961
13 35 961
39 271 628
271 39 628
73 22 393
22 73 393
176 140 377
140 176 377
24 214 783
214 24 783
185 78 612
78 185 612
151 209 549
209 151 549
243 54 436
54 243 436
280 220 552
220 280 552
89 294 221
294 89 221
24 29 134
29 24 134
85 121 557
121 85 557
64 246 479
246 64 479
157 174 672
174 157 672
285 250 238
250 285 238
168 136 916
136 168 916
179 287 825
287 179 825
79 283 131
283 79 131
14 15 903
15 14 903
217 157 998
157 217 998
90 181 279
181 90 279
223 18 600
18 223 600
132 83 446
83 132 446
10 292 973
292 10 973
133 277 823
277 133 823
170 197 259
197 170 259
38 128 799
128 38 799
114 207 782
207 114 782
245 273 697
273 245 697
99 191 454
191 99 454
248 281 88
281 248 88
127 256 206
256 127 206
178 88 789
88 178 789
176 151 933
151 176 933
48 36 311
36 48 311
170 259 760
259 170 760
181 297 189
297 181 189
179 111 496
111 179 496
160 108 822
108 160 822
208 260 365
260 208 365
62 208 346
208 62 346
149 35 954
35 149 954
6 266 395
266 6 395
195 194 498
194 195 498
179 242 934
242 179 934
141 164 293
164 141 293
1 45 842
45 1 842
289 224 406
224 289 406
236 136 466
136 236 466
157 45 926
45 157 926
21 159 135
159 21 135
218 60 722
60 218 722
72 66 288
66 72 288
118 13 982
13 118 982
15 193 776
193 15 776
0 34 141
34 0 141
193 35 38
35 193 38
186 76 563
76 186 563
291 13 199
13 291 199
257 170 644
170 257 644
182 192 55
192 182 55
16 162 815
162 16 815
238 286 482
286 238 482
177 104 195
104 177 195
11 171 240
171 11 240
86 172 575
172 86 575
78 117 662
117 78 662
116 3 339
3 116 339
78 295 452
295 78 452
228 4 822
4 228 822
124 186 166
186 124 166
178 255 829
255 178 829
293 245 115
245 293 115
226 122 772
122 226 772
120 185 943
185 120 943
260 272 915
272 260 915
186 102 684
102 186 684
199 218 388
218 199 388
237 48 135
48 237 135
40 29 39
29 40 39
262 153 377
153 262 377
179 83 932
83 179 932
259 76 777
76 259 777
26 54 552
54 26 552
197 175 237
175 197 237
239 187 961
187 239 961
206 125 216
125 206 216
289 24 686
24 289 686
128 14 935
14 128 935
262 54 216
54 262 216
152 68 469
68 152 469
229 248 452
248 229 452
260 259 981
259 260 981
289 285 535
285 289 535
192 182 662
182 192 662
280 174 601
174 280 601
93 132 278
132 93 278
8 173 3
173 8 3
193 54 817
54 193 817
179 16 523
16 179 523
194 169 592
169 194 592
62 98 892
98 62 892
66 110 251
110 66 251
198 99 137
99 198 137
84 43 671
43 84 671
198 24 797
24 198 797
198 117 781
117 198 781
76 125 955
125 76 955
30 70 409
70 30 409
298 250 277
250 298 277
20 144 598
144 20 598
163 259 748
259 163 748
254 77 659
77 254 659
5 275 810
275 5 810
93 111 754
111 93 754
115 9 430
9 115 430
64 260 447
260 64 447
144 88 724
88 144 724
150 118 594
118 150 594
210 168 344
168 210 344
287 240 541
240 287 541
36 104 300
104 36 300
184 58 777
58 184 777
194 115 304
115 194 304
3 260 767
260 3 767
208 76 477
76 208 477
137 140 89
140 137 89
183 36 177
36 183 177
158 187 447
187 158 447
152 149 715
149 152 715
147 188 855
188 147 855
287 225 459
225 287 459
86 109 770
109 86 770
14 3 685
3 14 685
269 58 46
58 269 46
36 19 874
19 36 874
164 156 966
156 164 966
252 92 102
92 252 102
128 250 941
250 128 941
226 102 891
102 226 891
140 250 579
250 140 579
46 289 604
289 46 604
57 76 65
76 57 65
126 142 620
142 126 620
62 112 431
112 62 431
259 148 250
148 259 250
284 12 506
12 284 506
149 16 350
16 149 350
103 196 801
196 103 801
243 122 155
122 243 155
285 14 757
14 285 757
164 60 147
60 164 147
19 117 975
117 19 975
36 295 17
295 36 17
107 58 929
58 107 929
237 69 477
69 237 477
86 54 841
54 86 841
144 203 109
203 144 109
293 6 105
6 293 105
145 2 627
2 145 627
100 39 741
39 100 741
56 255 302
255 56 302
54 275 471
275 54 471
128 63 19
63 128 19
45 170 277
170 45 277
73 160 698
160 73 698
2 298 452
298 2 452
294 142 856
142 294 856
3 188 714
188 3 714
207 33 968
33 207 968
234 133 508
133 234 508
26 242 263
242 26 263
179 296 190
296 179 190
150 177 705
177 150 705
220 222 76
222 220 76
296 295 436
295 296 436
193 49 386
49 193 386
197 44 729
44 197 729
52 47 869
47 52 869
17 6 902
6 17 902
37 240 688
240 37 688
96 19 982
19 96 982
58 198 930
198 58 930
100 106 405
106 100 405
20 28 832
28 20 832
68 76 619
76 68 619
14 125 5
125 14 5
211 221 733
221 211 733
15 268 601
268 15 601
84 275 854
275 84 854
121 267 893
267 121 893
217 286 874
286 217 874
28 237 804
237 28 804
180 37 310
37 180 310
84 58 391
58 84 391
68 126 619
126 68 619
186 192 44
192 186 44
190 103 318
103 190 318
274 118 86
118 274 86
26 255 213
255 26 213
80 76 133
76 80 133
72 46 371
46 72 371
298 126 108
126 298 108
101 6 346
6 101 346
62 142 456
142 62 456
104 210 734
210 104 734
222 97 527
97 222 527
218 287 630
287 218 630
135 14 401
14 135 401
72 40 556
40 72 556
285 120 484
120 285 484
269 245 82
245 269 82
239 243 508
243 239 508
147 96 166
96 147 166
144 210 109
210 144 109
199 15 519
15 199 519
132 237 368
237 132 368
10 207 308
207 10 308
292 42 422
42 292 422
92 115 662
115 92 662
199 152 235
152 199 235
134 121 680
121 134 680
116 112 575
112 116 575
275 11 723
11 275 723
141 155 433
155 141 433
149 106 800
106 149 800
119 291 90
291 119 90
187 1 697
1 187 697
294 293 940
293 294 940
115 137 607
137 115 607
28 88 559
88 28 559
62 275 632
275 62 632
93 143 844
143 93 844
119 118 656
118 119 656
241 11 763
11 241 763
274 212 270
212 274 270
125 32 613
32 125 613
214 271 614
271 214 614
211 17 960
17 211 960
2 132 49
132 2 49
208 212 438
212 208 438
18 275 665
275 18 665
249 68 108
68 249 108
292 188 978
188 292 978
99 181 90
181 99 90
62 207 254
207 62 254
183 33 638
33 183 638
47 247 609
247 47 609
160 210 826
210 160 826
71 264 710
264 71 710
120 224 923
224 120 923
9 242 50
242 9 50
173 191 770
191 173 770
232 236 658
236 232 658
109 87 492
87 109 492
50 201 999
201 50 999
256 136 332
136 256 332
193 183 932
183 193 932
102 96 494
96 102 494
79 167 959
167 79 959
241 39 283
39 241 283
15 48 378
48 15 378
64 273 169
273 64 169
233 257 557
257 233 557
43 119 845
119 43 845
86 169 498
169 86 498
284 125 435
125 284 435
268 71 618
71 268 618
199 173 14
173 199 14
144 4 934
4 144 934
2 297 73
297 2 73
137 12 574
12 137 574
214 128 99
128 214 99
234 114 757
114 234 757
243 209 876
209 243 876
39 295 897
295 39 897
36 279 75
279 36 75
222 247 46
247 222 46
240 198 771
198 240 771
105 43 427
43 105 427
190 97 725
97 190 725
263 286 937
286 263 937
188 252 818
252 188 818
138 187 432
187 138 432
294 182 141
182 294 141
21 221 788
221 21 788
270 9 667
9 270 667
96 232 167
232 96 167
241 224 217
224 241 217
63 81 312
81 63 312
189 272 410
272 189 410
13 287 848
287 13 848
202 227 301
227 202 301
219 65 288
65 219 288
50 112 422
112 50 422
142 133 195
133 142 195
229 155 104
155 229 104
47 251 288
251 47 288
165 192 364
192 165 364
182 7 346
7 182 346
293 197 518
197 293 518
254 210 657
210 254 657
202 112 984
112 202 984
102 31 949
31 102 949
241 133 661
133 241 661
14 275 995
275 14 995
8 204 902
204 8 902
11 4 754
4 11 754
51 169 298
169 51 298
14 51 306
51 14 306
59 97 203
97 59 203
128 103 65
103 128 65
184 5 478
5 184 478
167 159 961
159 167 961
216 152 595
152 216 595
128 166 222
166 128 222
174 226 177
226 174 177
238 230 930
230 238 930
289 151 227
151 289 227
3 203 532
203 3 532
115 52 86
52 115 86
243 155 151
155 243 151
180 213 980
213 180 980
47 72 940
72 47 940
15 277 886
277 15 886
144 143 108
143 144 108
18 70 386
70 18 386
146 8 168
8 146 168
75 49 419
49 75 419
154 52 674
52 154 674
285 219 426
219 285 426
223 215 634
215 223 634
73 95 47
95 73 47
52 194 771
194 52 771
243 210 848
210 243 848
129 106 444
106 129 444
88 176 214
176 88 214
273 23 974
23 273 974
192 150 123
150 192 123
210 4 127
4 210 127
236 42 447
42 236 447
261 265 762
265 261 762
194 38 409
38 194 409
92 142 3
142 92 3
63 85 165
85 63 165
62 266 471
266 62 471
257 54 900
54 257 900
222 79 923
79 222 923
195 271 525
271 195 525
217 234 230
234 217 230
44 170 272
170 44 272
142 183 89
183 142 89
155 130 479
130 155 479
263 222 421
222 263 421
265 37 558
37 265 558
230 152 425
152 230 425
52 109 831
109 52 831
51 32 163
32 51 163
125 227 234
227 125 234
50 197 168
197 50 168
279 293 990
293 279 990
2 135 774
135 2 774
290 42 504
42 290 504
68 5 578
5 68 578
288 270 768
270 288 768
97 252 920
252 97 920
173 5 829
5 173 829
4 56 413
56 4 413
266 182 293
182 266 293
251 232 590
232 251 590
171 263 135
263 171 135
260 265 22
265 260 22
285 255 364
255 285 364
88 75 921
75 88 921
218 115 991
115 218 991
85 212 796
212 85 796
104 86 101
86 104 101
284 142 509
142 284 509
249 108 591
108 249 591
141 59 575
59 141 575
282 89 717
89 282 717
243 54 90
54 243 90
228 61 453
61 228 453
69 188 373
188 69 373
287 3 715
3 287 715
72 216 510
216 72 510
228 54 962
54 228 962
264 196 471
196 264 471
213 4 413
4 213 413
54 115 988
115 54 988
88 98 29
98 88 29
256 93 884
93 256 884
145 21 97
21 145 97
149 142 286
142 149 286
273 129 541
129 273 541
240 253 457
253 240 457
249 233 811
233 249 811
163 198 859
198 163 859
233 111 963
111 233 963
145 218 831
218 145 831
184 6 281
6 184 281
13 263 474
263 13 474
248 108 47
108 248 47
296 10 790
10 296 790
233 283 771
283 233 771
174 223 477
223 174 477
82 225 310
225 82 310
45 88 560
88 45 560
203 21 872
21 203 872
118 218 942
218 118 942
148 103 648
103 148 648
80 116 763
116 80 763
105 116 24
116 105 24
151 112 234
112 151 234
92 46 117
46 92 117
163 220 93
220 163 93
239 2 318
2 239 318
0 47 106
47 0 106
260 3 279
3 260 279
83 121 897
121 83 897
124 21 300
21 124 300
223 101 868
101 223 868
286 206 484
206 286 484
209 109 949
109 209 949
142 202 195
202 142 195
110 117 467
117 110 467
2 108 221
108 2 221
171 108 621
108 171 621
128 120 524
120 128 524
106 203 245
203 106 245
55 79 318
79 55 318
106 55 671
55 106 671
274 41 777
41 274 777
9 2 738
2 9 738
209 196 640
196 209 640
103 58 309
58 103 309
269 113 517
113 269 517
190 284 926
284 190 926
210 113 798
113 210 798
285 271 654
271 285 654
129 26 433
26 129 433
98 185 488
185 98 488
168 211 581
211 168 581
196 220 383
220 196 383
33 130 831
130 33 831
125 285 690
285 125 690
33 7 403
7 33 403
50 197 287
197 50 287
227 159 152
159 227 152
224 144 276
144 224 276
229 25 554
25 229 554
14 175 639
175 14 639
153 43 750
43 153 750
34 239 723
239 34 723
268 24 153
24 268 153
99 201 290
201 99 290
288 235 897
235 288 897
42 37 546
37 42 546
28 264 857
264 28 857
232 240 353
240 232 353
107 222 630
222 107 630
60 236 5
236 60 5
251 89 148
89 251 148
0 123 539
123 0 539
22 144 916
144 22 916
226 243 917
243 226 917
116 283 204
283 116 204
12 25 941
25 12 941
210 105 757
105 210 757
266 89 450
89 266 450
219 196 672
196 219 672
248 9 208
9 248 208
153 260 897
260 153 897
152 12 673
12 152 673
143 35 917
35 143 917
158 261 812
261 158 812
126 77 47
77 126 47
30 142 672
142 30 672
270 52 29
52 270 29
227 18 919
18 227 919
176 289 967
289 176 967
99 238 376
238 99 376
206 143 488
143 206 488
154 47 701
47 154 701
226 190 736
190 226 736
194 100 449
100 194 449
157 227 779
227 157 779
103 257 621
257 103 621
74 279 225
279 74 225
255 258 95
258 255 95
173 134 585
134 173 585
39 285 675
285 39 675
267 191 370
191 267 370
154 98 817
98 154 817
54 76 908
76 54 908
41 271 908
271 41 908
290 180 87
180 290 87
68 284 296
284 68 296
40 110 476
110 40 476
116 65 734
65 116 734
210 238 521
238 210 521
46 278 506
278 46 506
172 245 250
245 172 250
141 151 648
151 141 648
158 258 724
258 158 724
117 299 747
299 117 747
124 41 528
41 124 528
163 161 112
161 163 112
158 253 874
253 158 874
133 69 140
69 133 140
119 32 178
32 119 178
239 130 308
130 239 308
44 3 905
3 44 905
145 144 809
144 145 809
292 54 367
54 292 367
268 171 18
171 268 18
214 296 212
296 214 212
93 211 725
211 93 725
204 69 179
69 204 179
230 255 500
255 230 500
269 74 432
74 269 432
298 13 263
13 298 263
58 109 18
109 58 18
114 255 362
255 114 362
22 247 817
247 22 817
240 267 288
267 240 288
158 182 36
182 158 36
221 275 147
275 221 147
145 232 269
232 145 269
23 162 524
162 23 524
75 183 998
183 75 998
158 181 563
181 158 563
72 239 372
239 72 372
289 54 27
54 289 27
103 128 527
128 103 527
271 69 594
69 271 594
10 279 328
279 10 328
46 200 256
200 46 256
44 45 488
45 44 488
164 121 602
121 164 602
187 196 385
196 187 385
36 54 366
54 36 366
198 127 558
127 198 558
222 116 864
116 222 864
148 271 92
271 148 92
126 242 313
242 126 313
72 253 192
253 72 192
251 51 292
51 251 292
106 147 690
147 106 690
245 12 211
12 245 211
246 251 59
251 246 59
182 288 313
288 182 313
0 238 292
238 0 292
57 160 661
160 57 661
220 61 132
61 220 132
263 239 227
239 263 227
76 11 880
11 76 880
219 15 831
15 219 831
263 121 930
121 263 930
52 67 742
67 52 742
14 65 846
65 14 846
224 0 534
0 224 534
188 0 424
0 188 424
280 57 185
57 280 185
292 29 546
29 292 546
223 44 385
44 223 385
149 172 649
172 149 649
80 92 16
92 80 16
62 55 37
55 62 37
192 159 256
159 192 256
85 225 274
225 85 274
230 149 474
149 230 474
115 37 574
37 115 574
239 69 483
69 239 483
275 61 64
61 275 64
20 37 408
37 20 408
56 186 181
186 56 181
156 19 925
19 156 925
271 81 932
81 271 932
260 273 891
273 260 891
67 111 68
111 67 68
240 41 169
41 240 169
165 209 506
209 165 506
38 200 428
200 38 428
72 175 889
175 72 889
135 247 726
247 135 726
243 55 165
55 243 165
